0.479053 0.516011 0.235676 0.501394 0.461949 0.292148 0.518114 0.219521 0.510716 0.494832 1 0 0 0 0 0 0 0 0 0
0.500775 0.486979 0.2511 0.518597 0.384971 0.369456 0.462241 0.289511 0.492732 0.488423 1 0 0 0 0 0 0 0 0 0
0.489555 0.508133 0.217998 0.518663 0.428816 0.331537 0.502986 0.236599 0.507825 0.481586 1 0 0 0 0 0 0 0 0 0
0.500469 0.251121 0.484315 0.50783 0.26944 0.485934 0.266552 0.471463 0.49174 0.511183 1 0 0 0 0 0 0 0 0 0
0.479406 0.498011 0.239793 0.520903 0.452102 0.324766 0.510329 0.395007 0.315325 0.499116 1 0 0 0 0 0 0 0 0 0
0.486476 0.318165 0.426742 0.51456 0.344542 0.393424 0.4957 0.255958 0.508937 0.489405 1 0 0 0 0 0 0 0 0 0
0.484017 0.464117 0.292375 0.519448 0.30687 0.457836 0.43443 0.296673 0.492597 0.505379 1 0 0 0 0 0 0 0 0 0
0.5 0.489943 0.234354 0.517755 0.43594 0.318215 0.485785 0.270208 0.481664 0.498128 1 0 0 0 0 0 0 0 0 0
0.511134 0.503171 0.275168 0.467784 0.470482 0.283498 0.467553 0.347262 0.42306 0.484691 1 0 0 0 0 0 0 0 0 0
0.515758 0.364635 0.388805 0.494713 0.285775 0.471974 0.483733 0.243372 0.516165 0.497691 1 0 0 0 0 0 0 0 0 0
0.462045 0.392005 0.378466 0.389282 0.411496 0.412567 0.395624 0.37266 0.415843 0.460868 0 1 0 0 0 0 0 0 0 0
0.444059 0.404589 0.345141 0.434211 0.394709 0.385029 0.428308 0.378386 0.406014 0.489808 0 1 0 0 0 0 0 0 0 0
0.426503 0.378897 0.373499 0.434713 0.389912 0.368222 0.430769 0.421736 0.410732 0.453359 0 1 0 0 0 0 0 0 0 0
0.393638 0.394657 0.400351 0.388012 0.407949 0.358707 0.421604 0.433872 0.415614 0.451813 0 1 0 0 0 0 0 0 0 0
0.426284 0.420772 0.376981 0.397118 0.410932 0.38506 0.397341 0.428535 0.351972 0.450211 0 1 0 0 0 0 0 0 0 0
0.404092 0.435765 0.389662 0.376288 0.434686 0.433271 0.371498 0.421022 0.415172 0.374728 0 1 0 0 0 0 0 0 0 0
0.433549 0.409517 0.358594 0.392659 0.408549 0.35715 0.400854 0.376592 0.464434 0.382859 0 1 0 0 0 0 0 0 0 0
0.424068 0.427796 0.365315 0.381701 0.444071 0.349974 0.379755 0.421832 0.410162 0.417107 0 1 0 0 0 0 0 0 0 0
0.408473 0.423298 0.378044 0.411397 0.414603 0.388093 0.353457 0.432817 0.40733 0.388533 0 1 0 0 0 0 0 0 0 0
0.415314 0.43298 0.364041 0.386748 0.41466 0.40023 0.388244 0.412869 0.416601 0.430871 0 1 0 0 0 0 0 0 0 0
0.48554 0.490687 0.511555 0.495179 0.504821 0.5 0.5 0.487781 0.503386 0.477416 0 0 1 0 0 0 0 0 0 0
0.487094 0.4947 0.508324 0.507229 0.5 0.496119 0.491176 0.50579 0.491803 0.476122 0 0 1 0 0 0 0 0 0 0
0.479357 0.507573 0.501643 0.490784 0.494215 0.494436 0.501617 0.487148 0.49766 0.524924 0 0 1 0 0 0 0 0 0 0
0.502563 0.493218 0.494868 0.5 0.494514 0.505486 0.49592 0.50408 0.490066 0.478518 0 0 1 0 0 0 0 0 0 0
0.481002 0.491252 0.49779 0.508712 0.503056 0.499191 0.489041 0.5 0.480208 0.519792 0 0 1 0 0 0 0 0 0 0
0.496475 0.480077 0.484842 0.501793 0.503789 0.5 0.491167 0.508833 0.5 0.426208 0 0 1 0 0 0 0 0 0 0
0.490205 0.489754 0.505015 0.505053 0.512545 0.501875 0.492947 0.490066 0.465198 0.46101 0 0 1 0 0 0 0 0 0 0
0.5 0.497625 0.498916 0.506301 0.497158 0.5 0.5 0.491167 0.469843 0.465198 0 0 1 0 0 0 0 0 0 0
0.513609 0.491363 0.50808 0.508398 0.493975 0.501807 0.492119 0.490649 0.483733 0.48267 0 0 1 0 0 0 0 0 0 0
0.5 0.5 0.5 0.492852 0.492178 0.500276 0.487122 0.497743 0.478622 0.477416 0 0 1 0 0 0 0 0 0 0
0.502695 0.508171 0.872518 0.509728 0.484427 0.472466 0.0942705 0.547132 0.516797 0.527716 0 0 0 1 0 0 0 0 0 0
0.501643 0.508851 0.854169 0.553339 0.482657 0.463151 0.102336 0.528469 0.543244 0.509732 0 0 0 1 0 0 0 0 0 0
0.493078 0.498553 0.875 0.557895 0.484718 0.511515 0.394664 0.165186 0.512663 0.498359 0 0 0 1 0 0 0 0 0 0
0.50734 0.518255 0.897066 0.531967 0.480032 0.496321 0.0520827 0.527781 0.49014 0.472372 0 0 0 1 0 0 0 0 0 0
0.507821 0.50234 0.518756 0.86692 0.556229 0.470069 0.483269 0.0688198 0.533597 0.503701 0 0 0 1 0 0 0 0 0 0
0.496422 0.493233 0.827232 0.609599 0.506568 0.49499 0.385975 0.175012 0.512982 0.51731 0 0 0 1 0 0 0 0 0 0
0.514221 0.49729 0.732388 0.668635 0.517983 0.50749 0.48808 0.0646449 0.518082 0.507237 0 0 0 1 0 0 0 0 0 0
0.497651 0.521835 0.8537 0.551572 0.501533 0.470691 0.0595954 0.522419 0.525384 0.493145 0 0 0 1 0 0 0 0 0 0
0.516771 0.497662 0.824074 0.587032 0.515747 0.466149 0.060697 0.535988 0.515485 0.504461 0 0 0 1 0 0 0 0 0 0
0.503022 0.503699 0.856061 0.57229 0.492931 0.487055 0.129235 0.429217 0.523105 0.524029 0 0 0 1 0 0 0 0 0 0
0.467926 0.451927 0.444744 0.417428 0.433033 0.363123 0.420086 0.436541 0.466899 0.509707 0 0 0 0 1 0 0 0 0 0
0.486042 0.471192 0.445406 0.367427 0.38174 0.487295 0.411716 0.448428 0.443019 0.472595 0 0 0 0 1 0 0 0 0 0
0.450035 0.466094 0.463784 0.420877 0.373794 0.386489 0.436009 0.446242 0.486304 0.483372 0 0 0 0 1 0 0 0 0 0
0.474162 0.481869 0.453557 0.390835 0.433238 0.374108 0.415266 0.473193 0.47157 0.445406 0 0 0 0 1 0 0 0 0 0
0.488047 0.487258 0.466995 0.401284 0.387649 0.384934 0.439817 0.448147 0.482141 0.445533 0 0 0 0 1 0 0 0 0 0
0.494525 0.484143 0.474517 0.425665 0.419881 0.370937 0.40124 0.429317 0.488708 0.502697 0 0 0 0 1 0 0 0 0 0
0.470249 0.466579 0.467941 0.419544 0.298454 0.443849 0.455917 0.450119 0.375464 0.323792 0 0 0 0 1 0 0 0 0 0
0.486518 0.497867 0.462 0.347422 0.396672 0.469195 0.419718 0.434046 0.423644 0.462016 0 0 0 0 1 0 0 0 0 0
0.460233 0.452845 0.473883 0.414753 0.382514 0.392581 0.436573 0.44947 0.455117 0.492478 0 0 0 0 1 0 0 0 0 0
0.452587 0.452888 0.456648 0.417375 0.442071 0.37237 0.422327 0.444657 0.494784 0.473716 0 0 0 0 1 0 0 0 0 0
0.324072 0.366167 0.554 0.739041 0.670863 0.6618 0.677194 0.519286 0.374181 0.318646 0 0 0 0 0 1 0 0 0 0
0.365533 0.340359 0.577817 0.661276 0.745488 0.646579 0.696852 0.441433 0.368006 0.365649 0 0 0 0 0 1 0 0 0 0
0.320101 0.435242 0.637583 0.738171 0.693147 0.647194 0.597784 0.363317 0.407294 0.303092 0 0 0 0 0 1 0 0 0 0
0.285495 0.464558 0.648981 0.676669 0.696866 0.68214 0.628288 0.353104 0.361203 0.392854 0 0 0 0 0 1 0 0 0 0
0.26683 0.389463 0.639326 0.685634 0.633411 0.687908 0.659502 0.440984 0.433154 0.39951 0 0 0 0 0 1 0 0 0 0
0.286701 0.438347 0.612459 0.731328 0.68557 0.704773 0.564893 0.379599 0.394792 0.354375 0 0 0 0 0 1 0 0 0 0
0.278008 0.40117 0.624433 0.759133 0.675235 0.679532 0.559894 0.424243 0.408843 0.345768 0 0 0 0 0 1 0 0 0 0
0.308581 0.306975 0.582412 0.703412 0.703662 0.66368 0.680815 0.499506 0.324551 0.411671 0 0 0 0 0 1 0 0 0 0
0.291271 0.464422 0.589187 0.706986 0.697402 0.679093 0.597121 0.393309 0.386461 0.406416 0 0 0 0 0 1 0 0 0 0
0.306688 0.35458 0.610461 0.711592 0.69202 0.690482 0.618791 0.506279 0.348083 0.39483 0 0 0 0 0 1 0 0 0 0
0.414754 0.335818 0.359922 0.503191 0.579413 0.581204 0.652478 0.570026 0.521378 0.5 0 0 0 0 0 0 1 0 0 0
0.427234 0.398492 0.377792 0.493057 0.556664 0.614498 0.610218 0.554932 0.528534 0.525931 0 0 0 0 0 0 1 0 0 0
0.394431 0.401984 0.396705 0.519886 0.551208 0.605802 0.623825 0.556469 0.524197 0.513499 0 0 0 0 0 0 1 0 0 0
0.38434 0.357619 0.421605 0.538871 0.575677 0.623579 0.581365 0.562772 0.568765 0.528265 0 0 0 0 0 0 1 0 0 0
0.438692 0.371034 0.352187 0.521681 0.579845 0.591169 0.633871 0.517312 0.519134 0.471375 0 0 0 0 0 0 1 0 0 0
0.437059 0.394267 0.334293 0.505649 0.558273 0.610982 0.656416 0.552083 0.511344 0.510365 0 0 0 0 0 0 1 0 0 0
0.468538 0.383648 0.360934 0.475076 0.559159 0.594465 0.596375 0.573792 0.536779 0.470136 0 0 0 0 0 0 1 0 0 0
0.475655 0.389551 0.393692 0.421839 0.531603 0.570813 0.584649 0.59997 0.544723 0.511307 0 0 0 0 0 0 1 0 0 0
0.466354 0.384351 0.390863 0.444278 0.537679 0.56086 0.598636 0.618583 0.522136 0.499473 0 0 0 0 0 0 1 0 0 0
0.433585 0.417011 0.415309 0.445887 0.531256 0.537143 0.58244 0.560171 0.567223 0.540165 0 0 0 0 0 0 1 0 0 0
0.495886 0.459189 0.209078 0.470535 0.519456 0.501641 0.168123 0.503706 0.50053 0.408349 0 0 0 0 0 0 0 1 0 0
0.496754 0.504706 0.463762 0.16386 0.534675 0.529746 0.159113 0.485227 0.521511 0.43448 0 0 0 0 0 0 0 1 0 0
0.506495 0.476502 0.160383 0.51392 0.535018 0.452524 0.176428 0.50965 0.529569 0.439348 0 0 0 0 0 0 0 1 0 0
0.499059 0.513698 0.468691 0.163036 0.520865 0.47001 0.191602 0.511788 0.480893 0.411806 0 0 0 0 0 0 0 1 0 0
0.504791 0.508573 0.138067 0.488568 0.528124 0.472595 0.19048 0.503936 0.457989 0.483308 0 0 0 0 0 0 0 1 0 0
0.495849 0.517956 0.495028 0.136498 0.509665 0.515428 0.329577 0.297137 0.512079 0.51119 0 0 0 0 0 0 0 1 0 0
0.500745 0.507592 0.462 0.165496 0.540298 0.507754 0.112063 0.516358 0.528656 0.516426 0 0 0 0 0 0 0 1 0 0
0.523131 0.491451 0.479466 0.153328 0.498931 0.508086 0.144792 0.513906 0.499227 0.439275 0 0 0 0 0 0 0 1 0 0
0.491658 0.497479 0.17083 0.481649 0.510896 0.528625 0.0721883 0.542417 0.510036 0.432745 0 0 0 0 0 0 0 1 0 0
0.517058 0.495286 0.17225 0.449918 0.529818 0.517909 0.14116 0.505286 0.494714 0.432487 0 0 0 0 0 0 0 1 0 0
0.708899 0.075563 0.68115 0.176758 0.52138 0.598701 0.162488 0.669881 0.112688 0.668817 0 0 0 0 0 0 0 0 1 0
0.701422 0.0937878 0.650385 0.151026 0.558375 0.571075 0.175541 0.715845 0.0967773 0.676409 0 0 0 0 0 0 0 0 1 0
0.727138 0.0658127 0.606266 0.492277 0.205864 0.692932 0.0754693 0.737343 0.12717 0.66803 0 0 0 0 0 0 0 0 1 0
0.739243 0.0845324 0.570819 0.371215 0.442159 0.471033 0.247135 0.713547 0.0669036 0.667632 0 0 0 0 0 0 0 0 1 0
0.725987 0.0671465 0.611122 0.537267 0.121811 0.740305 0.0611812 0.780603 0.074881 0.687186 0 0 0 0 0 0 0 0 1 0
0.727062 0.0669744 0.59215 0.592418 0.0977594 0.725478 0.0875833 0.773197 0.0529852 0.699215 0 0 0 0 0 0 0 0 1 0
0.709371 0.0560363 0.720707 0.0942708 0.740412 0.133743 0.570438 0.604431 0.109398 0.69504 0 0 0 0 0 0 0 0 1 0
0.697296 0.082469 0.718803 0.0843166 0.761143 0.223515 0.351564 0.721234 0.0907617 0.684777 0 0 0 0 0 0 0 0 1 0
0.688908 0.0746386 0.720764 0.107661 0.736247 0.087545 0.724112 0.289146 0.288573 0.696085 0 0 0 0 0 0 0 0 1 0
0.693674 0.0847367 0.673982 0.109134 0.723465 0.522161 0.0743048 0.731031 0.0906121 0.671977 0 0 0 0 0 0 0 0 1 0
0.222664 0.283903 0.245065 0.281591 0.459175 0.24499 0.319729 0.464194 0.239489 0.466258 0 0 0 0 0 0 0 0 0 1
0.21473 0.249847 0.24497 0.337927 0.428589 0.369171 0.377979 0.279683 0.359641 0.359608 0 0 0 0 0 0 0 0 0 1
0.186964 0.337597 0.257573 0.275451 0.472868 0.248881 0.466602 0.292233 0.302954 0.438515 0 0 0 0 0 0 0 0 0 1
0.216226 0.277585 0.243301 0.325914 0.436331 0.267354 0.326128 0.411382 0.314394 0.427849 0 0 0 0 0 0 0 0 0 1
0.247646 0.249188 0.269922 0.344224 0.373459 0.297672 0.322745 0.403769 0.369862 0.386757 0 0 0 0 0 0 0 0 0 1
0.23232 0.256419 0.284368 0.307799 0.409255 0.321579 0.434212 0.257664 0.392074 0.359798 0 0 0 0 0 0 0 0 0 1
0.231606 0.207834 0.35175 0.287141 0.388461 0.351811 0.409686 0.345575 0.379049 0.376332 0 0 0 0 0 0 0 0 0 1
0.193399 0.210705 0.374521 0.287201 0.485382 0.244741 0.383645 0.368694 0.366152 0.3843 0 0 0 0 0 0 0 0 0 1
0.234777 0.204341 0.381446 0.286234 0.489746 0.268638 0.474734 0.289856 0.441379 0.2644 0 0 0 0 0 0 0 0 0 1
0.18926 0.212796 0.395113 0.255889 0.49815 0.256104 0.466235 0.28143 0.446553 0.303168 0 0 0 0 0 0 0 0 0 1