0.508673 0.491999 0.508001 0.478848 0.506217 0.5 0.488651 0.5 0.5 0.5 0.5 0.5 0.25 0.462304 0.509071 0.5005 0.521632 0.492064 0.514429 0.485571 0.514429 0.5 0.5 0.5 0.323792 0.489041 0.483554 0.48503 0.486195 0.482388 0.468584 0.505132 0.483909 0.448792 0.554594 0.512705 0.526284 0.375 0.375 0.5 0.503536 0.510893 0.493144 0.501778 0.505078 0.502263 0.483308 0.5 0.5 0.5 1 0 0 0 0 0 0 0 0 0
0.503701 0.490407 0.5031 0.491557 0.49588 0.492771 0.522584 0.508833 0.494868 0.491327 0.482388 0.468584 0.445406 0.438427 0.41868 0.464897 0.49031 0.514345 0.509351 0.506118 0.504476 0.511989 0.477416 0.521096 0.478904 0.5 0.298206 0.505794 0.470295 0.493317 0.487692 0.494697 0.480208 0.455351 0.533024 0.505132 0.526284 0.5 0.25 0.5 0.507397 0.501436 0.510959 0.503905 0.4974 0.491122 0.501014 0.492886 0.482533 0.511349 1 0 0 0 0 0 0 0 0 0
0.45486 0.479545 0.498693 0.505393 0.512219 0.507573 0.46101 0.5 0.5 0.5 0.41399 0.378386 0.465198 0.49773 0.494697 0.5 0.5 0.506915 0.507514 0.502263 0.483308 0.486768 0.466846 0.485827 0.486768 0.448792 0.448792 0.46101 0.498222 0.474549 0.492427 0.477416 0.465483 0.5571 0.435559 0.513232 0.394792 0.448792 0.457625 0.5 0.504972 0.505623 0.514656 0.504706 0.492627 0.490649 0.486768 0.5 0.482388 0.517612 1 0 0 0 0 0 0 0 0 0
0.533597 0.491327 0.498773 0.487652 0.532944 0.455707 0.513232 0.513052 0.505132 0.468584 0.5 0.301208 0.507229 0.474252 0.493595 0.497124 0.491704 0.493721 0.504399 0.486768 0.5 0.471375 0.429909 0.505132 0.480802 0.448792 0.454944 0.48397 0.475076 0.5 0.487781 0.432745 0.489276 0.525757 0.439441 0.551208 0.406416 0.452178 0.473567 0.504863 0.503174 0.50469 0.500474 0.47843 0.5 0.486768 0.490649 0.496299 0.452492 0.5 1 0 0 0 0 0 0 0 0 0
0.517612 0.482388 0.5 0.5 0.5 0.5 0.5 0.5 0.468584 0.531416 0.5 0.5 0.375 0.375 0.486768 0.507746 0.505486 0.5 0.5 0.480208 0.519792 0.5 0.375 0.465198 0.474243 0.454198 0.481362 0.5 0.478904 0.482107 0.465198 0.513232 0.496119 0.503881 0.435559 0.625 0.323792 0.442071 0.508432 0.50433 0.49567 0.500629 0.475076 0.53899 0.46101 0.5 0.426208 0.5 0.573792 0.25 1 0 0 0 0 0 0 0 0 0
0.512219 0.493085 0.473319 0.50218 0.480208 0.5 0.5 0.5 0.5 0.5 0.5 0.5 0.276284 0.473716 0.5 0.507229 0.492771 0.5 0.522584 0.287976 0.439441 0.534802 0.477416 0.487781 0.505486 0.494514 0.480208 0.468584 0.519792 0.480208 0.551208 0.5 0.5 0.25 0.4722 0.5278 0.5 0.511349 0.535038 0.476197 0.508833 0.468584 0.5 0.573792 0.406416 0.459232 0.529143 0.492427 0.41399 0.625 1 0 0 0 0 0 0 0 0 0
0.478622 0.482388 0.509351 0.501243 0.489405 0.519792 0.506493 0.473716 0.5 0.5 0.5 0.426208 0.388232 0.472339 0.485804 0.486249 0.491167 0.514429 0.501434 0.512762 0.502792 0.5 0.507573 0.46101 0.5 0.406416 0.432487 0.455389 0.494697 0.478622 0.482388 0.475705 0.498011 0.494868 0.496614 0.495813 0.53899 0.5 0.46101 0.41399 0.439441 0.435559 0.506628 0.498505 0.50076 0.494108 0.5 0.426208 0.480208 0.593584 1 0 0 0 0 0 0 0 0 0
0.534275 0.439441 0.5 0.5 0.5 0.5 0.5 0.5 0.5 0.53899 0.46101 0.5 0.5 0.5 0.375 0.421387 0.481018 0.493691 0.488838 0.490066 0.514429 0.505363 0.480208 0.5 0.5 0.5 0.448792 0.448792 0.495028 0.438096 0.474801 0.483481 0.46101 0.5 0.5 0.5 0.522584 0.493279 0.484137 0.5 0.375 0.406416 0.474946 0.493637 0.513232 0.501197 0.485571 0.5 0.5 0.5 1 0 0 0 0 0 0 0 0 0
0.473716 0.509934 0.490066 0.488651 0.511349 0.5 0.468584 0.492427 0.452979 0.475439 0.429391 0.467276 0.482542 0.481362 0.5 0.5 0.5 0.514429 0.516988 0.468584 0.5 0.5 0.406416 0.446 0.491167 0.445406 0.489635 0.48197 0.489405 0.5 0.480208 0.519792 0.5 0.5 0.5 0.5 0.448792 0.403625 0.412013 0.501434 0.491053 0.484716 0.508369 0.5 0.5 0.5 0.5 0.5 0.480208 0.394792 1 0 0 0 0 0 0 0 0 0
0.496299 0.5 0.488765 0.488651 0.5 0.485571 0.479627 0.534802 0.426208 0.513232 0.375 0.486768 0.46743 0.494594 0.50188 0.50158 0.483308 0.5 0.5 0.5 0.5 0.5 0.448792 0.426208 0.46101 0.492603 0.481946 0.473037 0.482266 0.484137 0.5 0.484137 0.515863 0.448792 0.551208 0.406416 0.417375 0.452492 0.486948 0.496402 0.497939 0.492427 0.5 0.5 0.484137 0.501434 0.491845 0.522584 0.477416 0.522584 1 0 0 0 0 0 0 0 0 0
0.488011 0.486613 0.48956 0.460083 0.48693 0.481832 0.510595 0.426208 0.464655 0.468274 0.515863 0.439441 0.466976 0.491167 0.5 0.465198 0.473229 0.47843 0.470362 0.509491 0.489304 0.480832 0.485571 0.5 0.471375 0.484332 0.505303 0.465198 0.439441 0.486768 0.471375 0.486768 0.468065 0.471375 0.468584 0.496614 0.46824 0.453781 0.456365 0.505132 0.511855 0.463221 0.519792 0.457625 0.522584 0.465198 0.5 0.518111 0.494108 0.448792 0 1 0 0 0 0 0 0 0 0
0.472444 0.48197 0.496978 0.46101 0.475236 0.464777 0.492688 0.453924 0.480802 0.440274 0.483067 0.457625 0.481816 0.475499 0.492185 0.486324 0.481551 0.490649 0.489041 0.469483 0.488201 0.5109 0.462345 0.469459 0.456428 0.468584 0.5 0.458143 0.497208 0.480208 0.481362 0.472252 0.495179 0.481205 0.496211 0.467799 0.493211 0.458638 0.477935 0.481205 0.49139 0.494568 0.490462 0.476952 0.491631 0.463904 0.536096 0.473716 0.526284 0.426208 0 1 0 0 0 0 0 0 0 0
0.501851 0.454514 0.488286 0.47964 0.48493 0.485571 0.465483 0.496541 0.486768 0.44382 0.457464 0.492723 0.461201 0.478837 0.474392 0.478046 0.482155 0.501153 0.480208 0.46101 0.481889 0.477627 0.481647 0.482178 0.485827 0.453613 0.5 0.492771 0.474392 0.48533 0.473716 0.463221 0.472339 0.468065 0.502792 0.468584 0.448792 0.514618 0.447687 0.516941 0.487576 0.498376 0.470362 0.490649 0.508833 0.473556 0.478622 0.487781 0.486768 0.564441 0 1 0 0 0 0 0 0 0 0
0.461243 0.490649 0.5 0.499216 0.493869 0.446169 0.476514 0.47843 0.483594 0.477416 0.457625 0.459751 0.489041 0.491167 0.451132 0.487295 0.487781 0.485237 0.492179 0.491167 0.470857 0.49313 0.47665 0.480891 0.495483 0.477781 0.492101 0.464739 0.449576 0.48503 0.460376 0.482107 0.478904 0.470501 0.475499 0.465096 0.523267 0.501197 0.476642 0.478661 0.457853 0.482834 0.482891 0.465516 0.476671 0.493372 0.5 0.5 0.480208 0.519792 0 1 0 0 0 0 0 0 0 0
0.490188 0.4668 0.496321 0.474499 0.497107 0.474549 0.474243 0.496614 0.468584 0.477416 0.462024 0.474549 0.480802 0.46157 0.46743 0.494607 0.475894 0.491053 0.479084 0.491934 0.44725 0.495179 0.468584 0.496614 0.487295 0.468584 0.440692 0.520148 0.474801 0.490878 0.453613 0.5 0.5 0.454473 0.488426 0.478487 0.453613 0.482388 0.491327 0.482834 0.501075 0.486867 0.5043 0.474414 0.483211 0.482388 0.500624 0.485571 0.448792 0.5 0 1 0 0 0 0 0 0 0 0
0.481717 0.46101 0.481419 0.478563 0.48881 0.491097 0.465268 0.504011 0.468042 0.491463 0.494108 0.475705 0.464932 0.465779 0.512876 0.445773 0.458726 0.5 0.486768 0.474243 0.474031 0.491167 0.486768 0.452673 0.477935 0.472054 0.49692 0.468859 0.493507 0.490188 0.466605 0.5 0.467075 0.489635 0.487781 0.5 0.473716 0.479897 0.479824 0.465857 0.487924 0.46799 0.488375 0.474815 0.465198 0.50788 0.458524 0.480208 0.503929 0.464655 0 1 0 0 0 0 0 0 0 0
0.458384 0.5 0.473716 0.489405 0.479178 0.466976 0.46894 0.494796 0.481823 0.478019 0.453696 0.48146 0.461599 0.476496 0.480832 0.488886 0.490793 0.468196 0.492528 0.471375 0.484137 0.476873 0.481889 0.494933 0.488375 0.480208 0.437167 0.507122 0.492878 0.472054 0.473352 0.494034 0.457625 0.470362 0.481889 0.4892 0.483273 0.510835 0.471375 0.491845 0.473352 0.480802 0.48503 0.472595 0.468584 0.494637 0.4928 0.492771 0.517612 0.482388 0 1 0 0 0 0 0 0 0 0
0.491255 0.467027 0.477416 0.474243 0.476327 0.487498 0.498019 0.473716 0.476592 0.464249 0.490339 0.457052 0.461844 0.514089 0.459627 0.468584 0.480208 0.480802 0.489699 0.485945 0.483567 0.486195 0.480208 0.468584 0.483308 0.488426 0.5 0.466692 0.474549 0.472859 0.489165 0.489635 0.471375 0.472771 0.492427 0.466976 0.468584 0.513232 0.477416 0.483594 0.458282 0.470819 0.474523 0.503136 0.527021 0.463517 0.496483 0.488792 0.487581 0.470044 0 1 0 0 0 0 0 0 0 0
0.470857 0.490153 0.46799 0.5 0.485785 0.471839 0.509857 0.458726 0.5 0.465198 0.485305 0.488937 0.470905 0.435156 0.501234 0.48589 0.474069 0.46959 0.471341 0.479792 0.478291 0.481096 0.489405 0.481717 0.500672 0.44382 0.484888 0.502893 0.472359 0.478056 0.456001 0.485103 0.487614 0.471306 0.485571 0.492049 0.450851 0.50092 0.482388 0.5 0.477935 0.483076 0.480866 0.492486 0.483012 0.497348 0.491693 0.486867 0.513133 0.461668 0 1 0 0 0 0 0 0 0 0
0.472999 0.49524 0.467847 0.492723 0.470398 0.494189 0.508833 0.483641 0.465495 0.46824 0.481061 0.484137 0.46101 0.458282 0.473319 0.466526 0.489579 0.481991 0.470501 0.487781 0.485305 0.5 0.488937 0.475419 0.460141 0.5 0.474673 0.497062 0.481647 0.482178 0.468065 0.477057 0.488426 0.449712 0.482388 0.482388 0.455445 0.459751 0.489635 0.475563 0.489635 0.483594 0.487781 0.491845 0.48075 0.497906 0.480631 0.475076 0.5 0.5 0 1 0 0 0 0 0 0 0 0
0.524295 0.487054 0.488651 0.515863 0.484137 0.5 0.5 0.5 0.5 0.5 0.5 0.485571 0.514429 0.5 0.5 0.5 0.487781 0.485934 0.503701 0.511989 0.510595 0.491167 0.498238 0.510595 0.519792 0.496071 0.498566 0.511855 0.473716 0.517612 0.490757 0.491631 0.5 0.5 0.5 0.5 0.5 0.5 0.5 0.5 0.5 0.5 0.5 0.5 0.5 0.5 0.5 0.426208 0.547508 0.526284 0 0 1 0 0 0 0 0 0 0
0.375 0.5 0.5 0.484137 0.484446 0.508833 0.522584 0.480208 0.519792 0.5 0.514429 0.511855 0.473716 0.5 0.5 0.5 0.5 0.489405 0.494732 0.515863 0.5 0.5 0.5 0.5 0.5 0.5 0.509934 0.490066 0.519792 0.480208 0.508833 0.498396 0.492771 0.512705 0.487295 0.493637 0.506363 0.5 0.490066 0.494072 0.503644 0.512219 0.5 0.5 0.5 0.5 0.5 0.5 0.5 0.5 0 0 1 0 0 0 0 0 0 0
0.519792 0.496071 0.492088 0.492049 0.5 0.5 0.5 0.5 0.5 0.505132 0.494868 0.5 0.5 0.5 0.5 0.5 0.513232 0.505775 0.480992 0.5 0.516692 0.483308 0.517612 0.5 0.492323 0.490066 0.5 0.5 0.510595 0.489405 0.5 0.5 0.5 0.5 0.5 0.5 0.5 0.5 0.5 0.5 0.468584 0.531416 0.480208 0.519792 0.468584 0.531416 0.5 0.5 0.5 0.5 0 0 1 0 0 0 0 0 0 0
0.52157 0.468065 0.488987 0.490757 0.491631 0.5 0.5 0.5 0.487781 0.50087 0.511349 0.5 0.505303 0.514489 0.491976 0.488232 0.514429 0.485571 0.5 0.512219 0.487781 0.5 0.5 0.491631 0.508369 0.487781 0.485934 0.526284 0.5 0.5 0.509934 0.490066 0.5 0.522584 0.477416 0.5 0.5 0.448792 0.531416 0.488375 0.480208 0.5 0.551208 0.477416 0.522584 0.448792 0.551208 0.5 0.5 0.5 0 0 1 0 0 0 0 0 0 0
0.519792 0.480208 0.468584 0.515863 0.496843 0.487295 0.5 0.5 0.5 0.488651 0.504721 0.494409 0.512219 0.488651 0.511349 0.486768 0.513232 0.5 0.5 0.5 0.5 0.486195 0.513805 0.5 0.5 0.5 0.484137 0.515863 0.484137 0.496071 0.519792 0.5 0.5 0.482388 0.517612 0.5 0.5 0.5 0.488651 0.511349 0.468584 0.531416 0.5 0.448792 0.551208 0.5 0.426208 0.573792 0.5 0.5 0 0 1 0 0 0 0 0 0 0
0.5 0.5 0.5 0.509934 0.490066 0.5 0.5 0.487781 0.512219 0.5 0.490066 0.509934 0.491631 0.508369 0.492049 0.507951 0.507229 0.504989 0.494697 0.493085 0.5 0.5 0.513232 0.486768 0.5 0.487781 0.512219 0.5 0.5 0.509934 0.490066 0.5 0.5 0.5 0.5 0.5 0.5 0.5 0.5 0.5 0.5 0.473716 0.526284 0.5 0.5 0.5 0.5 0.480208 0.519792 0.5 0 0 1 0 0 0 0 0 0 0
0.5 0.517612 0.496193 0.486195 0.5 0.505682 0.494318 0.5 0.509085 0.503134 0.5 0.4939 0.493882 0.513232 0.501197 0.485571 0.5 0.514429 0.485571 0.514429 0.485571 0.5 0.5 0.5 0.511349 0.488651 0.5 0.5 0.5 0.5 0.5 0.477416 0.522584 0.477416 0.506721 0.515863 0.5 0.5 0.5 0.5 0.468584 0.531416 0.5 0.5 0.5 0.5 0.5 0.5 0.5 0.5 0 0 1 0 0 0 0 0 0 0
0.470857 0.5 0.488375 0.480208 0.5 0.5 0.5 0.5 0.478904 0.498513 0.522584 0.491631 0.508369 0.5 0.5 0.513232 0.492886 0.493882 0.5 0.5 0.5 0.5 0.5 0.5 0.484137 0.515863 0.5 0.5 0.5 0.5 0.5 0.5 0.5 0.5 0.5 0.5 0.5 0.477416 0.496299 0.526284 0.484137 0.489579 0.506493 0.519792 0.375 0.625 0.5 0.477416 0.522584 0.5 0 0 1 0 0 0 0 0 0 0
0.534802 0.465198 0.505892 0.494108 0.508369 0.491631 0.490066 0.509934 0.5 0.5 0.5 0.5 0.5 0.5 0.5 0.506628 0.493372 0.5 0.5 0.5 0.5 0.5 0.5 0.5 0.5 0.477416 0.522584 0.5 0.5 0.5 0.5 0.486768 0.513232 0.515863 0.484137 0.5 0.5 0.5 0.5 0.5 0.5 0.5 0.526284 0.473716 0.5 0.5 0.5 0.5 0.5 0.5 0 0 1 0 0 0 0 0 0 0
0.5 0.5 0.5 0.509934 0.490066 0.522584 0.477416 0.5 0.5 0.5 0.5 0.5 0.5 0.505486 0.494514 0.5 0.5 0.5 0.5 0.5 0.490066 0.509934 0.488651 0.487054 0.504503 0.505363 0.496817 0.517612 0.5 0.480208 0.519792 0.5 0.5 0.5 0.5 0.551208 0.448792 0.53899 0.46101 0.544293 0.455707 0.526284 0.473716 0.5 0.5 0.5 0.551208 0.448792 0.5 0.5 0 0 1 0 0 0 0 0 0 0
0.506628 0.493372 0.5 0.5 0.4957 0.499881 0.50442 0.5 0.510959 0.489041 0.5 0.5 0.838904 0.567513 0.514575 0.518449 0.496859 0.501257 0.501883 0.497727 0.5 0.480955 0.500631 0.497723 0.49212 0.5025 0.501105 0.494215 0.417375 0.602416 0.471375 0.541857 0.474549 0.539624 0.479824 0.105552 0.470362 0.490649 0.502487 0.497513 0.496685 0.494482 0.508833 0.5 0.5 0.486768 0.513232 0.473716 0.526284 0.5 0 0 0 1 0 0 0 0 0 0
0.492771 0.507229 0.508833 0.502126 0.497636 0.491405 0.505486 0.494514 0.5 0.5 0.491631 0.508369 0.5 0.843584 0.549028 0.529007 0.515549 0.497196 0.501937 0.49926 0.49847 0.483346 0.496614 0.495079 0.49543 0.498301 0.506269 0.530372 0.496119 0.51044 0.502792 0.457625 0.491167 0.102416 0.511768 0.488232 0.493762 0.506238 0.5 0.5 0.5 0.49532 0.50468 0.492771 0.507229 0.5 0.5 0.5 0.471375 0.477416 0 0 0 1 0 0 0 0 0 0
0.488115 0.49337 0.499193 0.508945 0.505109 0.489405 0.5 0.5 0.5 0.5 0.5 0.857388 0.56882 0.510365 0.512219 0.495028 0.504972 0.498986 0.495881 0.494173 0.486195 0.499177 0.5 0.488574 0.514429 0.502567 0.494689 0.518098 0.497878 0.486768 0.5 0.522584 0.0860104 0.473352 0.491845 0.502697 0.497303 0.5 0.5 0.508833 0.491167 0.505892 0.494108 0.510595 0.489405 0.504546 0.502683 0.475159 0.478622 0.41399 0 0 0 1 0 0 0 0 0 0
0.53899 0.492427 0.496383 0.4722 0.5 0.506363 0.493637 0.504546 0.500134 0.506669 0.494333 0.494318 0.5 0.5 0.5 0.5 0.5 0.534802 0.516406 0.823792 0.551208 0.519198 0.499742 0.503644 0.5 0.486128 0.497567 0.493721 0.5 0.5 0.485993 0.489083 0.509812 0.504858 0.510254 0.480208 0.0935835 0.517612 0.492022 0.497595 0.496652 0.500539 0.49558 0.5 0.507573 0.503776 0.497484 0.491167 0.5 0.5 0 0 0 1 0 0 0 0 0 0
0.517612 0.528775 0.457801 0.511675 0.495223 0.492994 0.506515 0.489405 0.5 0.5 0.5 0.5 0.5 0.5 0.862781 0.569319 0.494108 0.521223 0.499293 0.494837 0.491875 0.505147 0.500856 0.509351 0.484137 0.489092 0.489758 0.472572 0.459232 0.531416 0.551208 0.397584 0.676208 0.426208 0.534802 0.465198 0.0737918 0.5 0.5 0.5 0.5 0.50408 0.504289 0.495512 0.500419 0.511562 0.5 0.484137 0.531416 0.468584 0 0 0 1 0 0 0 0 0 0
0.515863 0.494282 0.489855 0.508595 0.491405 0.5 0.4957 0.5043 0.5 0.5 0.5 0.5 0.5 0.71101 0.674584 0.546505 0.5181 0.508082 0.490509 0.497208 0.487438 0.492771 0.502567 0.505951 0.504714 0.483452 0.491097 0.512219 0.485993 0.501788 0.512219 0.509351 0.481816 0.531416 0.457625 0.0935835 0.5 0.5 0.497256 0.496741 0.506003 0.495454 0.504546 0.5 0.505486 0.503347 0.517451 0.485934 0.487781 0.551208 0 0 0 1 0 0 0 0 0 0
0.476197 0.485471 0.501553 0.493329 0.492242 0.5 0.5 0.5 0.5 0.507229 0.508633 0.484137 0.5 0.832625 0.55297 0.531123 0.514102 0.495388 0.517339 0.501456 0.500403 0.498141 0.49709 0.508155 0.489635 0.487781 0.497256 0.482952 0.519792 0.480208 0.51497 0.504821 0.509351 0.490649 0.573792 0.0166917 0.494143 0.489165 0.503881 0.496119 0.508833 0.495587 0.505834 0.513154 0.487941 0.496224 0.50126 0.491167 0.5 0.573792 0 0 0 1 0 0 0 0 0 0
0.5 0.510959 0.49283 0.501033 0.495179 0.488232 0.511768 0.5 0.5 0.5 0.5 0.5 0.5 0.5 0.810559 0.610827 0.536238 0.494482 0.501064 0.49256 0.495487 0.497208 0.492753 0.495028 0.476592 0.512258 0.496038 0.520505 0.498907 0.490878 0.512976 0.505078 0.0699107 0.490649 0.5 0.5 0.5 0.503881 0.502747 0.493372 0.504972 0.506377 0.481078 0.507573 0.5 0.5 0.5 0.5 0.5 0.5 0 0 0 1 0 0 0 0 0 0
0.492931 0.500153 0.497564 0.494922 0.506478 0.507951 0.486768 0.513232 0.496614 0.503386 0.5 0.5 0.816562 0.544009 0.532041 0.524764 0.528625 0.4861 0.494108 0.491167 0.503151 0.492169 0.501294 0.507002 0.492998 0.498706 0.488589 0.51467 0.481629 0.503701 0.505132 0.519792 0.0737918 0.5 0.5 0.5 0.5 0.5 0.5 0.5 0.5 0.5 0.5 0.514429 0.492486 0.493085 0.5 0.5 0.519792 0.480208 0 0 0 1 0 0 0 0 0 0
0.5 0.514429 0.49779 0.495733 0.500643 0.502754 0.488651 0.5 0.5 0.5 0.5 0.508833 0.491167 0.551208 0.730208 0.625 0.524764 0.483679 0.505667 0.498227 0.515276 0.483346 0.508833 0.485993 0.502856 0.511151 0.475965 0.508923 0.49532 0.502652 0.517139 0.487781 0.46101 0.551208 0.448792 0.573792 0.0512082 0.495179 0.498703 0.503116 0.507303 0.4957 0.5 0.511349 0.493954 0.513335 0.487254 0.5139 0.480208 0.5 0 0 0 1 0 0 0 0 0 0
0.5 0.514429 0.498803 0.486768 0.5 0.487781 0.512219 0.5 0.485571 0.514429 0.46101 0.5 0.523127 0.484446 0.489041 0.491167 0.504821 0.46568 0.498083 0.457625 0.473716 0.465725 0.451422 0.503929 0.480208 0.5 0.453613 0.46568 0.478291 0.466822 0.488011 0.483594 0.492603 0.5 0.495179 0.477416 0.496299 0.496785 0.5 0.489304 0.492688 0.505132 0.468584 0.5 0.522584 0.477416 0.5 0.5 0.5 0.5 0 0 0 0 1 0 0 0 0 0
0.5 0.521096 0.478904 0.5 0.522584 0.5 0.503701 0.491327 0.489618 0.492771 0.488651 0.467056 0.498766 0.491943 0.479792 0.496685 0.503315 0.466403 0.47402 0.490757 0.495028 0.454684 0.494108 0.509351 0.462024 0.477416 0.475705 0.465857 0.464854 0.476157 0.450052 0.491167 0.485571 0.511043 0.503386 0.477416 0.487781 0.5 0.483594 0.484989 0.492427 0.519792 0.491557 0.512946 0.498289 0.493279 0.484137 0.5 0.5 0.5 0 0 0 0 1 0 0 0 0 0
0.49266 0.491105 0.486597 0.516406 0.480208 0.5 0.494868 0.485934 0.50221 0.485571 0.490649 0.474549 0.5 0.483594 0.512219 0.465198 0.513232 0.455351 0.494637 0.444617 0.489746 0.486768 0.502273 0.48146 0.494697 0.480802 0.493441 0.486768 0.426208 0.5 0.463221 0.492486 0.4668 0.475076 0.484646 0.509462 0.495527 0.487781 0.493959 0.481117 0.509812 0.475253 0.50087 0.494409 0.493372 0.466403 0.50218 0.445406 0.58601 0.375 0 0 0 0 1 0 0 0 0 0
0.495028 0.50218 0.498847 0.507646 0.473716 0.507573 0.492427 0.5 0.5 0.484137 0.484446 0.492427 0.472427 0.472979 0.503386 0.479627 0.471142 0.514429 0.462799 0.485993 0.486768 0.490649 0.480208 0.5 0.486195 0.43118 0.506915 0.479852 0.5 0.470857 0.468584 0.477416 0.491167 0.492427 0.491097 0.490793 0.463517 0.502652 0.48036 0.501434 0.510421 0.489579 0.484137 0.518638 0.481362 0.526284 0.473716 0.53899 0.46101 0.5 0 0 0 0 1 0 0 0 0 0
0.5 0.505892 0.469184 0.473716 0.5 0.517612 0.482388 0.5 0.5 0.484137 0.500751 0.4975 0.486195 0.48503 0.484584 0.472899 0.486487 0.503701 0.483067 0.513232 0.477416 0.5 0.4722 0.46724 0.479852 0.5 0.475499 0.480208 0.5 0.455707 0.435699 0.471375 0.512219 0.4722 0.480779 0.486461 0.466976 0.5 0.507573 0.474243 0.520364 0.492688 0.513911 0.515313 0.460354 0.515554 0.468584 0.5 0.473716 0.526284 0 0 0 0 1 0 0 0 0 0
0.514429 0.485571 0.5 0.5 0.5 0.5 0.522584 0.501711 0.487924 0.514066 0.473716 0.5 0.46101 0.494697 0.489699 0.47512 0.472085 0.51959 0.503753 0.476657 0.467959 0.477228 0.498212 0.469498 0.464283 0.480208 0.477416 0.471375 0.492771 0.464854 0.481816 0.457625 0.493047 0.484888 0.488375 0.474612 0.50221 0.495813 0.504187 0.487295 0.491999 0.495522 0.495028 0.491167 0.485571 0.483012 0.457625 0.547508 0.494868 0.531416 0 0 0 0 1 0 0 0 0 0
0.488415 0.491482 0.501121 0.472595 0.512219 0.4939 0.493882 0.485571 0.465747 0.51388 0.477702 0.491463 0.491845 0.484888 0.501105 0.48041 0.467959 0.475439 0.487781 0.465198 0.46101 0.5 0.5 0.477416 0.493959 0.468065 0.435559 0.517612 0.482388 0.512219 0.453713 0.466169 0.485275 0.504011 0.494568 0.501421 0.5 0.465198 0.492427 0.5 0.5278 0.494784 0.503701 0.473716 0.53899 0.46101 0.518638 0.481362 0.5 0.46101 0 0 0 0 1 0 0 0 0 0
0.5 0.487124 0.468584 0.507951 0.492049 0.5 0.492427 0.489961 0.476657 0.501965 0.481889 0.508894 0.459302 0.510925 0.495354 0.489041 0.468584 0.5 0.459046 0.467163 0.483594 0.465198 0.5 0.5 0.5 0.488651 0.437557 0.487781 0.451659 0.494922 0.453869 0.486768 0.494318 0.472085 0.533597 0.481816 0.498392 0.501608 0.482839 0.523127 0.480802 0.480208 0.514429 0.485571 0.5 0.485571 0.483012 0.511625 0.468584 0.551208 0 0 0 0 1 0 0 0 0 0
0.522298 0.469184 0.489579 0.512762 0.479744 0.491631 0.5 0.5 0.5 0.481362 0.492354 0.490188 0.498895 0.480101 0.474475 0.475236 0.504972 0.446 0.513805 0.457052 0.509351 0.486768 0.490649 0.477416 0.471375 0.488651 0.437557 0.491167 0.508833 0.480208 0.5 0.453471 0.463904 0.503701 0.483067 0.50734 0.467668 0.499235 0.481061 0.501749 0.482388 0.5 0.5 0.5 0.5 0.477416 0.522584 0.478904 0.427513 0.519792 0 0 0 0 1 0 0 0 0 0
0.513232 0.483765 0.486597 0.473149 0.511841 0.480208 0.5 0.5 0.5 0.4722 0.483507 0.505303 0.47843 0.497727 0.498392 0.470857 0.519792 0.448792 0.517612 0.44832 0.482861 0.489041 0.497727 0.474243 0.465198 0.5 0.468584 0.5 0.406416 0.515863 0.498566 0.485571 0.487781 0.495813 0.48031 0.459302 0.496087 0.485206 0.505303 0.473567 0.491631 0.490066 0.509934 0.5 0.5 0.5 0.5 0.457625 0.542375 0.375 0 0 0 0 1 0 0 0 0 0
0.492603 0.468408 0.479263 0.463121 0.459386 0.477416 0.448792 0.422021 0.433187 0.477416 0.50468 0.493942 0.529324 0.530835 0.515011 0.519792 0.528265 0.545527 0.531416 0.564959 0.540843 0.557273 0.547936 0.525185 0.538569 0.509094 0.574155 0.516988 0.547197 0.546387 0.542375 0.560041 0.534802 0.523878 0.520084 0.485296 0.484808 0.48431 0.508413 0.470398 0.459386 0.477416 0.464655 0.484137 0.420527 0.466692 0.456365 0.483909 0.445091 0.477416 0 0 0 0 0 1 0 0 0 0
0.463306 0.459516 0.470362 0.459232 0.457625 0.448792 0.451794 0.437635 0.444095 0.495484 0.508296 0.518688 0.502602 0.532812 0.553085 0.529224 0.526284 0.528625 0.545167 0.540614 0.549584 0.58601 0.515112 0.541988 0.527526 0.522762 0.574712 0.554668 0.521183 0.549149 0.536483 0.551208 0.516304 0.526071 0.531416 0.490462 0.467163 0.485993 0.443007 0.484989 0.46101 0.482388 0.474355 0.465765 0.470776 0.456793 0.415278 0.484646 0.487781 0.480802 0 0 0 0 0 1 0 0 0 0
0.5 0.429997 0.452576 0.471784 0.465646 0.442216 0.436573 0.433781 0.455648 0.477416 0.49822 0.504541 0.537594 0.526581 0.527229 0.53176 0.558438 0.551208 0.559363 0.559955 0.549974 0.537072 0.529915 0.520441 0.532269 0.562602 0.519221 0.523385 0.534802 0.554594 0.575769 0.556804 0.504011 0.53432 0.475473 0.50092 0.460512 0.47017 0.480802 0.490462 0.476514 0.45387 0.5 0.461276 0.438284 0.483594 0.486768 0.464364 0.494868 0.432701 0 0 0 0 0 1 0 0 0 0
0.464433 0.456954 0.44725 0.477738 0.454833 0.459386 0.411913 0.452492 0.465609 0.489631 0.509957 0.563427 0.527556 0.513311 0.494949 0.547327 0.513232 0.573792 0.560559 0.564441 0.535345 0.531726 0.54697 0.510959 0.534802 0.558781 0.55833 0.524295 0.5571 0.557305 0.545397 0.504187 0.506537 0.505682 0.510959 0.489041 0.485993 0.47215 0.451659 0.493463 0.478964 0.487949 0.468042 0.485571 0.465198 0.444604 0.472771 0.46101 0.474316 0.505892 0 0 0 0 0 1 0 0 0 0
0.475076 0.44545 0.479397 0.468161 0.455707 0.462304 0.44132 0.445091 0.4466 0.480441 0.489355 0.50468 0.520822 0.528206 0.506683 0.532805 0.52891 0.53899 0.580707 0.595501 0.551208 0.522584 0.531416 0.535146 0.514145 0.51515 0.568133 0.525451 0.531935 0.528625 0.582625 0.554594 0.555681 0.508418 0.497474 0.509732 0.497183 0.458282 0.476873 0.494732 0.471794 0.471225 0.478487 0.472399 0.444217 0.442239 0.459046 0.455707 0.4668 0.526284 0 0 0 0 0 1 0 0 0 0
0.5 0.442071 0.469025 0.463904 0.471375 0.439721 0.477136 0.412976 0.448792 0.453613 0.481946 0.518054 0.504911 0.56406 0.51779 0.503077 0.530341 0.533597 0.582052 0.551208 0.560559 0.55618 0.517612 0.541476 0.515624 0.512391 0.537897 0.525185 0.578437 0.53899 0.517612 0.539488 0.548108 0.528161 0.523048 0.5 0.519792 0.491167 0.513133 0.469415 0.475076 0.46101 0.476823 0.437167 0.473716 0.442239 0.459046 0.471375 0.473628 0.503789 0 0 0 0 0 1 0 0 0 0
0.456793 0.467075 0.448792 0.460725 0.481889 0.46101 0.451794 0.408777 0.46101 0.491616 0.506294 0.501734 0.565994 0.542375 0.53899 0.531416 0.551208 0.548868 0.549219 0.555538 0.524524 0.520643 0.531416 0.530386 0.527852 0.557929 0.571 0.531416 0.524295 0.559751 0.549323 0.532586 0.510254 0.505892 0.518609 0.471798 0.477416 0.465725 0.49174 0.455445 0.484675 0.452492 0.487781 0.438427 0.466403 0.482388 0.448792 0.493507 0.488881 0.517612 0 0 0 0 0 1 0 0 0 0
0.476224 0.448918 0.447941 0.483909 0.45731 0.484989 0.455913 0.421879 0.454833 0.475857 0.495518 0.519792 0.510039 0.542474 0.530112 0.530669 0.526431 0.548108 0.554594 0.567614 0.554 0.542375 0.525451 0.540186 0.527946 0.55634 0.545482 0.52831 0.526284 0.547508 0.526284 0.533597 0.546236 0.512852 0.515624 0.481889 0.453437 0.507573 0.46101 0.468584 0.484396 0.487295 0.456104 0.466403 0.446 0.439254 0.483854 0.4861 0.477416 0.718584 0 0 0 0 0 1 0 0 0 0
0.502506 0.491761 0.467332 0.470501 0.466403 0.452889 0.467056 0.437443 0.442614 0.449525 0.497973 0.507472 0.520256 0.512449 0.536874 0.516746 0.549688 0.505393 0.563427 0.545167 0.579833 0.516692 0.543295 0.513805 0.551208 0.534802 0.527641 0.542765 0.519792 0.573792 0.551208 0.517612 0.55618 0.536096 0.490188 0.527491 0.497433 0.469888 0.45632 0.496299 0.490188 0.491803 0.467498 0.451794 0.489405 0.453495 0.47109 0.448792 0.431511 0.455707 0 0 0 0 0 1 0 0 0 0
0.5 0.5 0.492049 0.393546 0.466822 0.481629 0.447371 0.468584 0.415373 0.454494 0.489269 0.472412 0.499555 0.529467 0.520321 0.539635 0.505682 0.534802 0.53899 0.5571 0.5679 0.5571 0.550912 0.522291 0.520981 0.530816 0.527526 0.525945 0.593042 0.537554 0.508833 0.533597 0.571612 0.519792 0.53899 0.52891 0.505892 0.467163 0.501421 0.496614 0.468584 0.46101 0.46101 0.505966 0.474243 0.475132 0.446943 0.440706 0.454833 0.471375 0 0 0 0 0 1 0 0 0 0
0.5 0.5 0.455707 0.519042 0.498967 0.492688 0.493223 0.492866 0.493507 0.480208 0.487781 0.452642 0.476952 0.429 0.528625 0.409802 0.41399 0.46101 0.47169 0.505132 0.508584 0.522167 0.49532 0.517088 0.519008 0.524924 0.50136 0.5 0.512705 0.512219 0.557929 0.515863 0.5 0.573792 0.524924 0.563486 0.514007 0.513232 0.52157 0.504187 0.520373 0.514429 0.5 0.5 0.473716 0.526284 0.5 0.5 0.5 0.5 0 0 0 0 0 0 1 0 0 0
0.445406 0.541718 0.497906 0.507397 0.497513 0.497183 0.485855 0.500508 0.477222 0.487124 0.446 0.436573 0.46101 0.426208 0.448792 0.468584 0.477833 0.479792 0.494318 0.509067 0.519198 0.551208 0.531416 0.507573 0.507397 0.512051 0.502122 0.520148 0.533698 0.554887 0.529499 0.519792 0.531416 0.536096 0.515112 0.526284 0.503215 0.521709 0.522584 0.487781 0.512219 0.5 0.5 0.5 0.5 0.515863 0.484137 0.5 0.566562 0.558438 0 0 0 0 0 0 1 0 0 0
0.5 0.5 0.488651 0.482724 0.473116 0.487609 0.494108 0.480208 0.480802 0.429344 0.433438 0.426208 0.471375 0.446 0.487124 0.493085 0.4957 0.500512 0.517795 0.512906 0.538724 0.508155 0.5 0.541857 0.52157 0.5 0.53899 0.5 0.5 0.531416 0.554594 0.53899 0.522584 0.528625 0.513232 0.503459 0.505892 0.536779 0.479627 0.510507 0.498011 0.506493 0.493507 0.526284 0.473716 0.526284 0.5 0.5 0.625 0.375 0 0 0 0 0 0 1 0 0 0
0.5 0.5 0.5 0.466403 0.507312 0.475076 0.457625 0.468584 0.448792 0.477416 0.448792 0.5 0.426208 0.466403 0.456104 0.461844 0.522964 0.484376 0.512807 0.501917 0.519792 0.522584 0.522584 0.459805 0.525185 0.531416 0.512219 0.534802 0.507573 0.5 0.531416 0.573792 0.519792 0.554 0.541857 0.503459 0.505892 0.512219 0.521378 0.482809 0.515011 0.506559 0.513232 0.5 0.5 0.5 0.5 0.5 0.5 0.522584 0 0 0 0 0 0 1 0 0 0
0.487124 0.542375 0.481205 0.505563 0.497878 0.485855 0.478291 0.477416 0.463904 0.484888 0.426208 0.5 0.397584 0.454833 0.487781 0.483594 0.4957 0.496146 0.502263 0.5 0.518111 0.521378 0.517612 0.564441 0.496119 0.525451 0.47843 0.560559 0.5 0.526284 0.547508 0.524924 0.557701 0.510959 0.508833 0.522584 0.516406 0.509878 0.510495 0.514429 0.5 0.5 0.5 0.5 0.5 0.5 0.5 0.5 0.5 0.5 0 0 0 0 0 0 1 0 0 0
0.487781 0.494607 0.498973 0.494344 0.459854 0.490649 0.448792 0.5 0.514429 0.459287 0.487295 0.452979 0.46101 0.426208 0.448792 0.468584 0.49532 0.479916 0.504972 0.5 0.524924 0.483909 0.527946 0.496817 0.556601 0.512219 0.5 0.547508 0.465725 0.560559 0.485571 0.574988 0.490649 0.551208 0.522584 0.522584 0.519792 0.547822 0.506178 0.528625 0.475705 0.492878 0.508833 0.480208 0.491167 0.528625 0.5 0.522584 0.5 0.5 0 0 0 0 0 0 1 0 0 0
0.5 0.5 0.468584 0.480208 0.451132 0.475076 0.5 0.5 0.477416 0.471375 0.474414 0.474378 0.477416 0.426208 0.471375 0.459805 0.495028 0.480208 0.498083 0.508197 0.491803 0.505303 0.507573 0.513805 0.5 0.535223 0.513805 0.512876 0.520148 0.560559 0.5 0.5 0.588904 0.536096 0.53899 0.473229 0.523878 0.502893 0.507397 0.527405 0.516406 0.498706 0.520233 0.515863 0.5 0.5 0.5 0.5 0.5 0.5 0 0 0 0 0 0 1 0 0 0
0.521378 0.46101 0.421387 0.578613 0.41399 0.471605 0.471794 0.5 0.424028 0.468584 0.5 0.46101 0.452979 0.46101 0.477416 0.477057 0.49914 0.535792 0.496166 0.50221 0.49779 0.514429 0.5 0.564441 0.466976 0.519792 0.522584 0.512219 0.53899 0.5 0.5 0.560559 0.533024 0.549028 0.513805 0.536483 0.490538 0.520176 0.504011 0.510959 0.496614 0.515011 0.484989 0.534802 0.477416 0.496299 0.5 0.5 0.487295 0.53899 0 0 0 0 0 0 1 0 0 0
0.486768 0.5 0.448792 0.457625 0.527021 0.485855 0.503215 0.440274 0.512219 0.468584 0.480208 0.486768 0.470857 0.483012 0.485571 0.426208 0.466403 0.496817 0.434363 0.524924 0.485911 0.508957 0.513805 0.495028 0.522584 0.517612 0.482388 0.522584 0.541857 0.486768 0.534802 0.507573 0.531416 0.5 0.526284 0.547508 0.551208 0.522584 0.534174 0.517034 0.506915 0.483733 0.525757 0.495813 0.487781 0.519792 0.531416 0.468584 0.531416 0.426208 0 0 0 0 0 0 1 0 0 0
0.475076 0.473716 0.5 0.486768 0.486948 0.467255 0.460313 0.488145 0.508155 0.491845 0.503183 0.454588 0.476592 0.465198 0.46101 0.468584 0.457625 0.480208 0.447941 0.489226 0.5 0.489041 0.519792 0.504972 0.50826 0.509351 0.485571 0.532041 0.5 0.5 0.533597 0.534802 0.512705 0.526284 0.5 0.531416 0.494868 0.590347 0.508369 0.514429 0.536779 0.484888 0.515112 0.491167 0.508833 0.5 0.480208 0.5 0.5 0.468584 0 0 0 0 0 0 1 0 0 0
0.512219 0.498035 0.498579 0.516924 0.511022 0.493786 0.512274 0.508369 0.5 0.487781 0.480802 0.489041 0.513751 0.497208 0.508833 0.462024 0.486768 0.542375 0.406416 0.25 0.5 0.484137 0.501856 0.514007 0.494318 0.505682 0.519792 0.49782 0.498251 0.492506 0.517915 0.524924 0.448792 0.375 0.41399 0.46101 0.448792 0.490649 0.50263 0.490029 0.500601 0.493507 0.473716 0.487295 0.487781 0.513232 0.537976 0.480208 0.519792 0.573792 0 0 0 0 0 0 0 1 0 0
0.536483 0.514725 0.498083 0.505303 0.495539 0.5 0.517166 0.5 0.479897 0.510291 0.50468 0.516988 0.475439 0.487781 0.519792 0.406416 0.5 0.323792 0.457625 0.468584 0.5 0.5 0.514007 0.492909 0.507514 0.498276 0.505933 0.49358 0.487781 0.522584 0.477416 0.5 0.375 0.355208 0.423416 0.507472 0.525477 0.509843 0.486284 0.478395 0.499249 0.470141 0.476902 0.493679 0.512583 0.533933 0.528625 0.516692 0.47109 0.46101 0 0 0 0 0 0 0 1 0 0
0.486768 0.476453 0.491253 0.501773 0.499461 0.505303 0.507573 0.513805 0.496515 0.502089 0.491834 0.512744 0.478333 0.411096 0.426208 0.380892 0.465483 0.493279 0.472369 0.507688 0.50408 0.5 0.5 0.514429 0.492486 0.508947 0.495486 0.506263 0.55618 0.465198 0.172021 0.481889 0.487097 0.496211 0.487781 0.506537 0.489819 0.496071 0.486195 0.521378 0.503386 0.513133 0.525199 0.497906 0.452803 0.519792 0.466403 0.533597 0.426208 0.647584 0 0 0 0 0 0 0 1 0 0
0.539624 0.520103 0.503701 0.480208 0.504399 0.498986 0.490784 0.503236 0.500677 0.5 0.510224 0.509145 0.485934 0.512705 0.465725 0.435559 0.352416 0.43906 0.472329 0.49679 0.489405 0.491631 0.488577 0.5 0.519792 0.490066 0.509934 0.5 0.511349 0.488651 0.5 0.5 0.5 0.5 0.21101 0.487781 0.490649 0.486768 0.491167 0.508833 0.510365 0.502867 0.477935 0.492427 0.516406 0.522584 0.477416 0.476592 0.494784 0.602416 0 0 0 0 0 0 0 1 0 0
0.513232 0.491447 0.506279 0.472979 0.503441 0.512622 0.503386 0.502893 0.5025 0.507312 0.517915 0.469379 0.512705 0.475076 0.5 0.477416 0.448792 0.310559 0.483733 0.488731 0.49326 0.49401 0.503114 0.476592 0.490649 0.509351 0.5 0.5 0.515863 0.484137 0.526284 0.473716 0.5 0.301208 0.448792 0.437167 0.4711 0.481162 0.522772 0.511263 0.530149 0.492118 0.488631 0.503834 0.488011 0.473087 0.462473 0.477136 0.484888 0.426208 0 0 0 0 0 0 0 1 0 0
0.492427 0.492603 0.502634 0.477782 0.505411 0.496119 0.501608 0.504395 0.5 0.491875 0.515354 0.486768 0.522065 0.491167 0.426208 0.5 0.28899 0.474815 0.486195 0.505486 0.509626 0.507472 0.490649 0.494341 0.505659 0.515392 0.48197 0.509197 0.48956 0.490649 0.5 0.167375 0.5 0.493721 0.533395 0.498409 0.480565 0.491909 0.510835 0.471375 0.477416 0.487781 0.534802 0.511485 0.517139 0.513232 0.509351 0.477416 0.573792 0.375 0 0 0 0 0 0 0 1 0 0
0.512705 0.5 0.475076 0.491845 0.494922 0.493441 0.491526 0.518914 0.486768 0.5 0.516692 0.5 0.525684 0.531416 0.448792 0.477416 0.522584 0.426208 0.352416 0.432386 0.465198 0.52157 0.492235 0.520997 0.476547 0.488651 0.505892 0.50734 0.486768 0.5 0.5 0.5 0.5 0.25 0.441562 0.47773 0.483507 0.520406 0.496764 0.506238 0.522584 0.484646 0.481936 0.501103 0.502817 0.510301 0.500915 0.475908 0.468584 0.5 0 0 0 0 0 0 0 1 0 0
0.482388 0.493317 0.506683 0.489812 0.508008 0.475499 0.509491 0.517191 0.475236 0.517451 0.48397 0.489746 0.515112 0.513513 0.5 0.491167 0.531416 0.375 0.426208 0.341403 0.506683 0.483278 0.5 0.492427 0.5 0.5 0.514429 0.521667 0.463904 0.53899 0.474243 0.486768 0.560559 0.189441 0.471375 0.454833 0.483594 0.506152 0.510254 0.522584 0.508833 0.501421 0.506152 0.456823 0.504187 0.503789 0.505563 0.5 0.490649 0.448792 0 0 0 0 0 0 0 1 0 0
0.487781 0.492427 0.484989 0.498706 0.501294 0.495813 0.498035 0.51467 0.48533 0.480395 0.529143 0.502792 0.506041 0.504972 0.466403 0.176208 0.509634 0.490366 0.5043 0.4957 0.5 0.5 0.5 0.5 0.517612 0.508673 0.5 0.5 0.483067 0.516933 0.473716 0.5 0.375 0.375 0.5 0.422021 0.475563 0.518893 0.493326 0.522298 0.506097 0.497362 0.502273 0.488375 0.5 0.482861 0.504921 0.483594 0.551208 0.477416 0 0 0 0 0 0 0 1 0 0
0.490649 0.483067 0.492215 0.511485 0.478291 0.521709 0.475076 0.505132 0.501421 0.5 0.526525 0.486629 0.510188 0.481516 0.536096 0.482388 0.517612 0.5 0.5 0.375 0.375 0.375 0.507951 0.503398 0.495279 0.493372 0.5 0.5 0.504821 0.506946 0.499581 0.498002 0.490649 0.375 0.33601 0.469498 0.502929 0.484685 0.497832 0.48397 0.520046 0.506238 0.529499 0.493085 0.503701 0.503215 0.470501 0.471375 0.516406 0.46101 0 0 0 0 0 0 0 1 0 0
0.50304 0.471893 0.51264 0.708354 0.487256 0.489549 0.496022 0.125 0.422711 0.507798 0.528537 0.506152 0.503386 0.720857 0.526963 0.496108 0.48862 0.49766 0.361768 0.216354 0.469701 0.510615 0.519944 0.774035 0.448792 0.492771 0.500867 0.501541 0.232238 0.338554 0.482897 0.505401 0.458964 0.486768 0.868882 0.458611 0.489807 0.532777 0.505132 0.0842323 0.466125 0.485297 0.484137 0.53899 0.507397 0.648105 0.534131 0.515892 0.481789 0.501113 0 0 0 0 0 0 0 0 1 0
0.504063 0.491928 0.50218 0.513232 0.729852 0.509976 0.488107 0.471233 0.486391 0.112781 0.468768 0.482891 0.52157 0.53899 0.625 0.577492 0.499615 0.499429 0.495046 0.490586 0.502273 0.119589 0.464502 0.489345 0.515748 0.479744 0.684531 0.523291 0.506636 0.491828 0.479837 0.555509 0.107388 0.449213 0.476995 0.479636 0.501197 0.821581 0.491097 0.496685 0.5 0.240649 0.344628 0.473504 0.502681 0.56922 0.625 0.478964 0.517066 0.531885 0 0 0 0 0 0 0 0 1 0
0.4964 0.501234 0.515033 0.578869 0.636022 0.495927 0.507247 0.471375 0.0987158 0.47782 0.504569 0.497509 0.502936 0.585826 0.707625 0.480992 0.475885 0.491914 0.5 0.465198 0.179594 0.4247 0.478016 0.51505 0.50087 0.700086 0.518382 0.487897 0.498149 0.496066 0.117909 0.476993 0.484675 0.480208 0.488011 0.782856 0.541354 0.478028 0.510959 0.301208 0.290614 0.467981 0.509689 0.532925 0.682929 0.499457 0.472113 0.483733 0.493997 0.511969 0 0 0 0 0 0 0 0 1 0
0.509971 0.509465 0.508091 0.51545 0.524924 0.625 0.530669 0.485737 0.476021 0.46328 0.131317 0.478056 0.506337 0.522167 0.612124 0.618085 0.515641 0.498366 0.491675 0.455329 0.16617 0.452293 0.491048 0.495115 0.518409 0.741457 0.495497 0.496393 0.456411 0.506762 0.548443 0.067701 0.476803 0.481964 0.490702 0.497405 0.5 0.797822 0.515011 0.483308 0.487801 0.47489 0.174859 0.439416 0.474279 0.505029 0.718441 0.49039 0.485282 0.522864 0 0 0 0 0 0 0 0 1 0
0.516147 0.51482 0.500672 0.476895 0.547197 0.66667 0.528736 0.469379 0.495609 0.471727 0.0948719 0.486117 0.514887 0.517322 0.56238 0.633518 0.541516 0.506825 0.49633 0.457728 0.146671 0.453833 0.476209 0.515166 0.508139 0.71799 0.546705 0.489955 0.469676 0.513456 0.323792 0.253701 0.485065 0.511235 0.477416 0.522584 0.781 0.488792 0.507122 0.467195 0.111694 0.472319 0.492878 0.494013 0.503807 0.690013 0.484252 0.505555 0.517766 0.534802 0 0 0 0 0 0 0 0 1 0
0.505675 0.501898 0.502506 0.516692 0.688427 0.534802 0.465684 0.499513 0.215198 0.378945 0.513153 0.478573 0.512484 0.565637 0.612781 0.53201 0.498764 0.485233 0.464795 0.176933 0.455046 0.47805 0.504011 0.476738 0.690637 0.546387 0.508981 0.513291 0.489778 0.450914 0.189441 0.458143 0.468065 0.490268 0.49462 0.522341 0.789541 0.471512 0.5043 0.482388 0.461431 0.357388 0.289948 0.474929 0.497828 0.501724 0.639714 0.54086 0.516007 0.510365 0 0 0 0 0 0 0 0 1 0
0.582208 0.517642 0.500356 0.49791 0.481717 0.634351 0.636292 0.474875 0.489038 0.471809 0.379646 0.241318 0.474566 0.497603 0.530187 0.584306 0.580329 0.520111 0.490297 0.499063 0.47642 0.141476 0.463456 0.495566 0.488263 0.498459 0.518581 0.726432 0.51617 0.479316 0.480175 0.502998 0.177481 0.406416 0.503386 0.502007 0.443399 0.4429 0.908257 0.478873 0.504202 0.440692 0.181625 0.444408 0.487275 0.508338 0.651323 0.548842 0.486548 0.506915 0 0 0 0 0 0 0 0 1 0
0.496156 0.493612 0.506388 0.502506 0.717824 0.517087 0.489405 0.494034 0.250833 0.325019 0.493459 0.497767 0.499633 0.519605 0.611948 0.584722 0.517395 0.49796 0.487781 0.498986 0.0808465 0.483594 0.506363 0.518198 0.491302 0.484137 0.761625 0.470764 0.493317 0.494796 0.506915 0.0704765 0.503315 0.517339 0.482661 0.480208 0.687167 0.622526 0.505266 0.495028 0.496108 0.0980476 0.466952 0.495072 0.494108 0.507603 0.642423 0.519998 0.563284 0.489405 0 0 0 0 0 0 0 0 1 0
0.495144 0.504742 0.562557 0.670845 0.48156 0.484509 0.518323 0.145971 0.414982 0.502393 0.511269 0.502536 0.56882 0.6293 0.531516 0.50283 0.485746 0.478668 0.477148 0.131959 0.473844 0.514802 0.477279 0.594415 0.672854 0.486516 0.489021 0.492748 0.510145 0.0860104 0.479263 0.497283 0.511235 0.5 0.5 0.656416 0.612321 0.484265 0.507251 0.45833 0.222054 0.393989 0.496694 0.506371 0.588517 0.548464 0.54226 0.507254 0.492219 0.474243 0 0 0 0 0 0 0 0 1 0
0.472158 0.516692 0.512219 0.487781 0.713696 0.493928 0.496585 0.49179 0.492427 0.0789718 0.500391 0.508858 0.529382 0.51497 0.548108 0.576892 0.543405 0.517269 0.483975 0.465059 0.130303 0.482272 0.50551 0.505216 0.503617 0.715975 0.487497 0.4975 0.473319 0.10646 0.513542 0.510301 0.489493 0.487694 0.479178 0.812416 0.504346 0.475667 0.492688 0.361948 0.243683 0.490904 0.492919 0.502345 0.5 0.631915 0.514763 0.518416 0.489405 0.506915 0 0 0 0 0 0 0 0 1 0
0.5 0.5 0.480208 0.38544 0.384351 0.489405 0.504232 0.522226 0.359137 0.382229 0.487949 0.504821 0.5 0.480208 0.380363 0.423026 0.466403 0.5 0.5 0.465198 0.392191 0.392612 0.462304 0.523891 0.507177 0.498259 0.469379 0.525757 0.495621 0.378183 0.419667 0.483769 0.495165 0.501423 0.496033 0.501324 0.302608 0.439441 0.521378 0.492629 0.492621 0.486143 0.448792 0.415826 0.451049 0.461771 0.451992 0.5278 0.5 0.5 0 0 0 0 0 0 0 0 0 1
0.509934 0.490066 0.482388 0.313998 0.453613 0.468584 0.513805 0.549028 0.507573 0.293635 0.417375 0.470857 0.501343 0.513371 0.440637 0.390354 0.441011 0.495963 0.502145 0.468034 0.413503 0.387076 0.459013 0.479912 0.510495 0.526284 0.5 0.515863 0.432929 0.359646 0.452521 0.497874 0.491167 0.510254 0.489746 0.261349 0.482969 0.526778 0.491609 0.487295 0.5 0.482388 0.436904 0.410181 0.455329 0.474549 0.484757 0.479608 0.517451 0.469843 0 0 0 0 0 0 0 0 0 1
0.491167 0.491221 0.366327 0.41769 0.483594 0.482388 0.457052 0.384351 0.444847 0.47341 0.507951 0.5 0.5 0.468584 0.281416 0.476303 0.523697 0.5 0.5 0.473716 0.494868 0.338517 0.472399 0.478452 0.503398 0.488651 0.5 0.448792 0.44382 0.396378 0.476122 0.480342 0.509226 0.49532 0.486768 0.327673 0.441922 0.534011 0.50929 0.442386 0.468962 0.487781 0.381915 0.437576 0.494593 0.480761 0.495768 0.48431 0.506493 0.519792 0 0 0 0 0 0 0 0 0 1
0.505761 0.498002 0.417765 0.343584 0.482388 0.50826 0.509351 0.310559 0.455303 0.484137 0.4722 0.496383 0.406416 0.399924 0.475076 0.489041 0.493347 0.488113 0.487124 0.468584 0.350076 0.473716 0.491167 0.49297 0.515863 0.5 0.468584 0.5 0.406416 0.383369 0.48368 0.504415 0.514131 0.494891 0.431681 0.312833 0.494514 0.520363 0.517593 0.481334 0.486195 0.477416 0.31406 0.469873 0.484351 0.492676 0.50169 0.509934 0.5 0.473716 0 0 0 0 0 0 0 0 0 1
0.5 0.468584 0.480208 0.5 0.271709 0.505567 0.536151 0.514066 0.239579 0.484137 0.515863 0.484137 0.480208 0.303388 0.466403 0.487781 0.49779 0.5072 0.472427 0.432386 0.383833 0.503386 0.479003 0.500624 0.509866 0.487054 0.488651 0.5 0.448792 0.457625 0.404143 0.439441 0.505132 0.515964 0.488255 0.490649 0.304594 0.466049 0.500453 0.5 0.488838 0.490066 0.5 0.3071 0.451055 0.496817 0.479165 0.515863 0.5 0.484137 0 0 0 0 0 0 0 0 0 1
0.476547 0.488651 0.5 0.323792 0.426208 0.5 0.5 0.5 0.294293 0.470136 0.485571 0.505682 0.481086 0.419649 0.343584 0.5 0.5 0.466403 0.494607 0.436573 0.477416 0.426208 0.469888 0.496515 0.5 0.504972 0.477416 0.534802 0.465198 0.514429 0.485571 0.314441 0.439019 0.496541 0.49592 0.50408 0.465198 0.326278 0.476135 0.501027 0.501153 0.487438 0.469074 0.488894 0.373706 0.419929 0.491167 0.488232 0.497963 0.523739 0 0 0 0 0 0 0 0 0 1
0.488651 0.5 0.255892 0.494108 0.515863 0.5 0.260421 0.482085 0.512727 0.490253 0.488651 0.426208 0.319112 0.516447 0.498167 0.481233 0.477416 0.355208 0.46101 0.465198 0.5 0.485571 0.498566 0.515863 0.482388 0.517612 0.5 0.3071 0.4466 0.50412 0.492179 0.5 0.5 0.426208 0.355208 0.51411 0.471461 0.483012 0.507573 0.492427 0.5 0.5 0.28899 0.46824 0.492771 0.5 0.510595 0.501624 0.487781 0.5 0 0 0 0 0 0 0 0 0 1
0.5 0.5 0.281416 0.45833 0.504362 0.495958 0.333726 0.412976 0.513232 0.508369 0.449256 0.477935 0.358733 0.433124 0.522584 0.506768 0.493232 0.41399 0.380303 0.466302 0.489405 0.487295 0.489009 0.523697 0.5 0.5 0.477416 0.304 0.468584 0.5 0.5 0.5 0.506628 0.432813 0.404143 0.435916 0.490293 0.493441 0.486768 0.481717 0.4957 0.5 0.487781 0.298035 0.486768 0.489041 0.502804 0.508155 0.5 0.488651 0 0 0 0 0 0 0 0 0 1
0.5 0.515863 0.484137 0.343584 0.411902 0.494514 0.5 0.5 0.357388 0.417536 0.500327 0.496319 0.492859 0.485571 0.340931 0.404389 0.497911 0.502688 0.497962 0.461826 0.380303 0.435086 0.478904 0.506628 0.493372 0.512219 0.427222 0.496119 0.388232 0.426208 0.502652 0.497348 0.4957 0.5043 0.522584 0.284517 0.478245 0.480517 0.484137 0.480208 0.484989 0.534802 0.261768 0.491235 0.496997 0.5 0.492049 0.481667 0.494868 0.5 0 0 0 0 0 0 0 0 0 1
0.494732 0.515863 0.46101 0.297822 0.478949 0.528081 0.503929 0.429 0.340198 0.46101 0.5 0.487781 0.498986 0.486948 0.276284 0.5 0.493637 0.506363 0.448792 0.367771 0.464854 0.479932 0.496224 0.492427 0.5 0.5 0.5 0.448792 0.551208 0.406416 0.417375 0.436803 0.495408 0.493997 0.5 0.494108 0.316451 0.450789 0.50308 0.515999 0.475464 0.477416 0.465483 0.426208 0.375 0.491631 0.499536 0.50126 0.507573 0.5 0 0 0 0 0 0 0 0 0 1