178.091 184.574 174.584 147.152 150.255 157.087 176.348 173.885 177.585 177.221 135 142.806 170.975 178.747 183.344 177.909 147.529 133.898 181.102 180 180 0
180.586 186.783 175.406 162.521 130.508 157.806 174.063 171.657 172.272 155.225 126.485 165.668 190.094 179.459 173.996 149.534 138.18 179.514 180.827 176.479 177.397 0
181.095 176.223 175.502 161.29 141.591 153.804 166.681 173.871 183.832 110.509 170.864 170.924 168.849 174.83 170.538 138.225 171.176 178.579 178.275 179.926 184.635 0
178.579 177.917 180 154.359 135.081 159.944 179.095 172.211 161.96 135.319 161.121 172.65 174.935 170.944 134.76 157.62 184.72 183.045 172.235 161.565 0
177.904 176.729 163.188 167.141 154.52 150.055 161.793 181.288 176.21 142.312 150.082 162.115 171.101 181.315 168.764 144.256 157.059 170.308 184.604 176.755 178.641 0
190.773 183.602 174.404 169.798 149.863 146.859 160.71 164.32 177.935 183.708 134.502 147.098 165.996 170.294 173.528 163.221 156.257 168.021 182.159 179.302 173.66 0
181.262 182.638 188.06 172.318 133.925 142.565 164.138 184.557 182.066 81.1329 170.556 185.55 186.706 172.969 136.995 149.334 173.138 183.353 183.452 177.667 0
176.736 173.306 173.454 181.005 136.559 145.431 180.203 179.051 176.607 103.074 162.335 179.23 172.222 169.028 130.601 172.965 178.491 180.482 176.001 178.025 180 0
168.849 174.987 170.538 167.685 132.845 163.82 176.811 175.131 171.485 106.105 178.186 177.635 175.917 169.617 168.503 128.83 171.239 186.24 174.02 175.134 0
163.895 147.529 163.61 177.955 161.131 164.174 159.076 145.62 167.471 169.144 176.82 175.601 163.843 128.991 171.027 181.157 185.023 172.488 173.845 180.751 177.274 0
173.214 180.259 195.368 167.873 139.431 136.543 174.115 180.355 180.439 177.207 100.62 172.596 174.61 185.188 166.682 125.865 160.859 173.581 178.603 181.397 0
169.621 178.773 177.739 164.07 141.324 153.623 175.888 180.535 115.017 173.105 174.512 177.33 173.13 163.999 154.248 165.53 159.39 165.19 183.804 175.641 0
173.322 177.571 183.715 167.796 161.381 134.234 168.597 182.689 164.929 174.771 126.193 174.518 171.242 167.921 148.325 181.548 156.072 156.729 178.568 178.716 178.603 0
178.383 175.388 188.756 185.296 160.699 124.437 158.468 171.625 170.693 176.835 123.66 166.711 171.422 168.064 150.063 151.257 168.158 178.635 180.595 182.389 0
174.842 172.279 164.088 142.265 148.78 170.026 177.881 178.458 171.86 118.4 171.254 178.363 171.261 162.197 164.397 144.52 175.334 173.928 176.424 180.397 0
182.084 182.49 180 180 158.199 120.892 167.096 180.448 183.366 108.435 167.471 174.094 170.538 174.531 172.312 178.657 147.653 155.772 173.904 178.102 178.531 0
180.095 188.631 180.785 172.875 130.601 149.265 168.915 186.929 182.42 171.87 98.7462 181.379 175.07 178.172 160.688 169.38 145.62 161.899 171.591 175.253 0
182.424 177.425 175.877 163.436 135.197 157.715 182.773 181.037 168.17 150.709 140.991 167.398 178.718 176.583 140.711 135.922 176.981 179.793 178.101 182.891 0
172.514 174.958 180 158.962 144.312 154.052 171.146 187.238 181.414 146.31 126.491 172.985 166.681 165.062 181.384 139.309 156.563 174.559 182.778 178.07 182.684 0
172.013 173.551 179.946 182.148 130.301 143.685 166.307 176.035 178.671 170.186 121.314 175.627 171.645 177.152 164.46 147.504 149.102 175.254 179.39 180 176.186 0
185.244 169.021 164.467 164.803 156.264 169.243 171.449 166.43 148.57 161.338 172.097 159.034 150.615 170.586 151.613 144.462 159.376 178.144 167.868 162.486 157.38 1
168.449 157.957 154.627 168.073 168.336 169.261 160.846 159.383 168.284 162.199 162.942 158.364 154.091 161.607 144.861 165.59 155.9 166.386 173.539 162.044 159.928 1
163.719 150.958 165.194 177.131 179.833 174.289 162.072 164.904 155.029 162.031 161.133 161.332 166.093 162.281 166.118 161.128 151.314 163.918 159.678 165.622 172.111 1
170.17 163.04 157.02 171.527 164.664 164.616 172.985 155.841 156.784 164.643 169.797 175.03 166.264 154.447 155.478 162.831 149.819 161.225 168.766 162.541 1
167.609 153.435 164.745 152.819 151.876 162.087 167.163 166.592 180 166.629 147.529 175.236 160.244 156.83 160.523 164.291 167.471 175.299 178.608 160.986 1
172.875 173.387 166.057 151.591 162.163 157.545 155.432 170.458 158.229 173.339 167.872 168.242 161.434 150.255 145.733 166.016 160.159 170.518 179.564 170.372 1
157.417 170.798 168.956 168.643 165.862 153.855 163.118 161.565 163.855 173.042 172.314 172.323 152.675 154.479 157.536 169.215 160.345 166.113 162.964 156.603 1
175.231 155.083 153.978 167.504 160.043 162.67 159.934 157.228 164.497 178.474 166.065 144.613 166.176 171.653 172.426 165.018 165.54 163.284 162.506 164.101 1
165.53 145.305 162.101 174.986 169.538 164.312 161.663 155.959 161.673 171.027 176.424 170.507 163.642 146.549 155.79 159.808 167.537 166.654 153.316 168.141 1
171.752 168.594 158.585 166.507 160.057 147.372 150.864 174.144 172.606 171.1 168.077 151.907 157.094 166.613 153.623 153.488 164.316 164.542 170.293 174.001 1
172.18 167.982 155.532 146.258 164.482 171.837 161.894 162.255 162.222 168.971 176.551 174.708 163.066 151.712 152.516 155.832 155.893 163.785 168.198 169.461 1
174.326 159.438 155.321 170.162 175.035 157.433 168.476 173.284 157.638 155.322 162.816 169.854 173.016 168.934 153.247 160.421 160.243 155.96 173.328 160.664 1
166.557 146.232 160.71 169.829 168.227 164.709 156.177 161.097 165.932 169.992 172.011 172.543 165.333 161.857 158.428 162.556 154.858 150.291 166.519 173.784 1
166.802 162.205 173.454 170.395 171.905 167.802 160.861 153.275 158.51 168.818 171.539 171.359 165.248 154.072 151.475 175.548 167.977 167.086 162.166 172.459 1
169.548 162.338 164.961 170.022 171.293 165.983 145.629 155.959 171.135 168.69 164.578 163.201 167.125 156.645 164.651 168.411 163.643 141.829 168.138 168.69 1
174.595 148.281 164.332 173.882 172.453 167.387 166.672 165.211 155.627 165.102 163.803 150.107 167.935 161.965 165.132 156.669 149.589 166.105 168.467 170.285 1
168.299 150.22 165.245 173.162 172.596 168.294 154.819 150.61 162.708 167.555 164.787 171.085 170.683 152.447 165.027 165.341 140.882 158.749 167.935 173.746 1
170.179 162.597 159.634 159.259 161.987 150.248 163.91 169.98 168.111 154.259 167.081 174.701 166.43 155.344 158.148 157.166 152.015 168.046 175.236 177.743 1
176.61 164.288 160.72 166.984 169.945 174.736 161.404 154.25 155.957 158.745 161.565 160.417 167.307 173.55 164.648 169.796 157.759 148.06 151.742 164.208 175.236 1
158.534 156.765 175.399 176.404 169.019 168.48 162.452 154.906 155.721 165.975 167.506 160.077 165.683 157.516 163.494 151.394 153.109 164.24 180.044 172.565 1
180 177.879 174.996 177.397 184.017 183.921 180.709 181.081 180 174.289 182.344 189.077 188.326 173.558 181.868 176.878 173.66 180 180 180 180 2
188.746 176.224 178.975 177.739 179.041 179.275 180 178.152 177.274 184.574 175.486 173.894 178.525 186.9 179.484 182.344 183.366 180 172.875 187.125 180 2
45 153.435 168.69 180.47 174.415 177.99 174.226 177.805 179.223 183.306 185.44 177.879 177.961 176.565 179.064 188.531 161.565 198.435 180 180 2
180.434 174.596 176.566 177.9 176.206 176.032 180.976 183.646 181.548 180 180 180 180 180 180 180 173.66 186.34 180 174.806 175.732 2
176.186 175.462 173.825 177.989 182.48 185.955 177.949 177.996 178.039 176.269 179.293 188.403 176.035 178.995 183.18 180.535 179.465 174.094 182.726 172.875 198.435 2
180 176.532 178.954 181.01 179.267 179.473 180.128 176.782 182.413 181.972 183.468 175.601 184.399 180 174.806 180.431 180 180 180 168.818 2
185.194 178.382 179.436 181.073 175.914 180 178.568 178.471 180.986 177.211 177.639 178.995 176.82 182.564 181.621 178.995 180 176.82 177.274 194.036 2
165.964 181.507 178.206 184.198 180 180.305 188.312 191.373 178.88 172.618 178.636 178.21 181.79 184.236 188.292 188.027 159.444 186.34 173.66 174.289 2
177.397 173.392 173.956 172.158 179.898 176.634 181.061 178.939 173.66 180.331 181.72 175.758 173.276 178.397 186.554 190.305 194.036 176.269 185.641 176.149 194.47 2
176.269 174.459 178.603 178.924 170.9 176.096 178.671 182.952 184.327 182.561 179.817 176.946 181.972 183.468 191.31 174.401 183.262 176.222 178.382 176.424 2
171.87 180 180 180 180 180 180 174.958 180.753 175.078 181.268 181.154 176.613 180.115 185.487 182.188 180.095 182.291 182.203 180.4 2
170.311 183.783 173.811 177.745 178.3 178.808 178.362 176.453 173.815 175.555 183.311 175.365 186.483 189.462 169.695 185.541 180.678 172.776 191.31 171.87 2
182.663 178.232 177.333 178.227 174.144 179.938 180.469 176.506 180.088 183.994 186.464 178.791 178.577 180.403 178.264 180.297 173.959 186.36 176.964 174.289 2
176.046 177.614 182.862 177.138 180 180 176.82 177.171 183.283 182.726 177.138 182.862 177.955 182.045 180 181.364 180.611 179.533 178.493 175.914 2
182.045 180.967 176.987 180 180 178.025 181.975 181.507 178.493 180 180 181.637 178.363 178.264 181.736 180 180 180 180 180 2
180 174.289 180 182.848 178.464 175.653 180.073 175.046 183.007 177.295 181.665 182.779 180.134 181.957 183.927 182.862 176.82 183.18 180 180 2
182.045 179.056 180.044 178.854 181.245 178.755 182.726 181.459 181.526 180.405 184.669 175.556 180 173.66 187.125 172.875 189.462 175.732 174.806 180 2
183.965 172.421 183.614 179.516 177.08 180.158 180.72 180.885 181.821 180.605 177.542 185.341 173.806 176.186 187.125 181.621 171.254 180 189.462 170.538 180 2
175.601 180 177.614 180.596 178.928 182.862 178.091 181.909 180 181.591 178.409 180 178.264 179.946 181.79 180 180 174.806 185.194 173.66 186.34 2
177.6 174.806 176.634 174.525 178.434 178.848 177.889 183.052 184.279 184.462 181.878 180 180 180 180 180 171.87 188.13 180 180 2
180 180 181.494 178.506 172.875 283.465 213.088 191.283 178.161 178.077 176.077 178.853 171.233 176.87 168.453 90 150.642 178.758 186.184 185.981 3
179.318 180.682 180.516 182.01 186.936 280.521 202.004 186.026 188.297 181.752 170.442 175.327 173.916 180.128 91.9306 146.398 174.406 179.39 181.432 178.568 3
161.565 180 173.254 184.36 292.185 206.37 188.077 176.691 174.653 177.977 177.346 168.562 168.959 87.8253 165.942 175.875 180.59 190.422 176.35 174.56 3
175.27 179.667 179.745 183.589 237.4 253.894 190.723 185.563 176.06 174.533 175.192 172.185 169.38 72.8973 170.039 177.772 184.668 178.059 180 180 3
177.922 183.38 180.941 180.535 209.215 269.725 196.655 188.574 184.125 173.5 164.034 166.759 167.681 121.569 141.965 169.687 179.46 182.245 183.764 187.595 3
179.018 181.456 183.414 178.838 310.299 190.384 185.572 181.58 175.748 170.087 169.513 177.78 146.31 88.5679 176.828 183.459 179.598 179.112 180.391 182.045 3
173.313 179.256 176.236 183.764 243.435 230.641 204.061 192.857 170.945 177.007 174.861 174.068 161.779 146.31 127.465 160.075 163.807 187.886 185.557 179.246 180 3
171.915 183.919 196.24 282.26 200.18 187.943 171.713 175.735 185.54 177.51 175.236 150.068 169.695 157.834 117.277 169.171 179.71 180.481 179.887 181.747 175.764 3
180.579 184.032 176.871 177.496 286.968 211.3 197.358 179.53 178.685 178.127 177.049 175.536 164.626 170.897 177.51 71.7606 169.842 183.381 178.937 175.309 3
182.705 178.253 187.67 190.603 174.094 216.87 280.491 184.764 180.387 185.728 179.402 182.426 164.932 198.435 18.4349 175.601 181.909 184.909 189.214 185.892 3
185.042 180.037 178.222 185.909 192.59 248.199 248.629 184.017 173.392 179.519 174.794 180.763 182.322 150.255 56.3099 177.839 180.313 183.969 183.888 182.522 3
180 180.939 183.905 189.626 206.539 250.792 209.944 195.364 182.987 179.441 173.6 169.992 148.671 108.8 154.33 167.151 178.339 180.943 181.083 179.19 3
176.947 182.655 185.254 183.148 212.597 283.279 186.051 184.232 182.408 179.418 180.812 167.04 135.621 114.228 160.017 166.86 178.698 181.27 183.041 185.514 170.91 3
170.395 179.453 179.522 173.855 178.785 179.659 216.076 291.93 184.776 171.088 168.523 171.999 174.56 173.991 159.444 81.1582 178.222 191.671 183.463 179.3 3
160.304 171.085 180.573 184.094 181.126 194.19 271.818 221.168 183.328 180.334 178.168 163.568 150.068 129.56 140.783 161.904 173.309 180.17 181.939 183.9 3
183.667 183.247 183.197 185.479 199.722 250.56 216.139 200.777 189.454 182.768 176.318 171.858 160.56 66.0375 162.908 171.779 180.039 181.326 182.911 180 3
187.032 181.174 183.181 196.005 252.474 223.831 197.505 185.613 185.498 180.028 173.082 155.63 138.814 115.346 157.469 169.518 181.584 182.137 183.945 183.9 3
184.875 181.484 180.043 190.392 300.13 195.127 187.394 185.793 181.919 173.948 172.629 170.002 158.839 87.3974 156.038 172.278 181.844 185.082 188.926 171.87 3
181.637 177.901 183.188 188.743 222.993 254.465 197.382 188.704 185.003 179.686 175.854 172.836 161.413 140.194 115.463 158.005 172.207 177.088 183.82 183.417 3
171.292 179.711 180.444 185.813 190.754 225.556 236.041 196.993 186.94 186.715 180.209 170.297 151.989 136.13 141.716 154.17 168.383 177.609 182.419 186.029 180.924 3
168.69 174.611 173.863 177.098 173.515 168.05 168.33 166.549 146.54 133.03 164.243 175.347 175.079 172.826 172.143 173.387 175.486 153.55 181.909 190.62 4
171.699 176.927 177.879 172.451 166.299 156.251 162.3 174.768 175.286 167.41 134.05 161.442 172.716 170.75 170.792 178.302 166.98 170.221 181.548 184.399 4
177.403 173.208 168.996 168.058 169.824 175.601 168.69 145.514 148.725 173.259 179.63 163.511 162.032 167.685 169.042 162.949 170.272 170.362 177.532 185.194 4
169.091 170.466 178.995 178.781 177.487 171.351 172.526 161.856 163.705 172.052 167.766 154.55 163.361 158.325 167.778 172.15 174.788 167.275 172.276 175.058 172.216 4
174.806 176.009 176.738 178.601 179.19 176.782 175.753 165.664 159.631 166.979 170.767 176.644 176.333 168.789 137.121 161.222 175.944 170.486 171.433 179.567 4
173.196 180.82 170.213 173.202 171.21 161.815 160.56 170.149 169.131 171.916 177.677 168.914 161.115 161.471 162.501 167.966 170.706 174.874 178.291 174.472 4
177.021 176.363 170.295 175.011 169.582 170.053 164.091 172.112 171.54 162.753 167.783 174.472 168.69 165.256 158.451 162.804 168.65 168.486 171.952 176.964 4
176.642 177.272 171.958 176.341 173.144 166.207 162.125 162.989 166.395 168.259 166.866 172.034 174.087 166.907 159.978 170.184 168.941 168.016 171.098 165.069 4
174.22 169.472 176.05 175.381 165.35 158.282 159.748 160.656 151.775 174.153 181.749 174.052 160.644 162.212 170.331 177.446 172.977 167.069 172.36 178.668 4
180.195 173.381 175.992 173.928 173.517 171.657 163.397 158.998 154.526 134.881 155.852 175.069 178.106 180.562 176.769 178.915 177.976 174.519 170.451 156.371 4
178.919 181.081 170.385 171.18 180 170.961 164.023 173.409 159.482 147.836 153.733 164.087 179.234 172.235 169.38 159.115 174.931 171.573 180 180 4
179.716 175.005 168.831 174.86 173.83 166.866 169.935 168.503 161.565 150.255 139.97 171.719 174.967 174.879 171.991 172.735 176.362 175.675 176.267 168.311 4
170.838 180 172.875 173.733 171.012 174.079 167.386 159.525 155.475 150.507 163.774 170.001 178.161 171.23 174.043 171.193 171.641 175.365 165.964 167.471 4
186.009 185.08 182.686 183.545 184.803 190.452 198.435 218.66 225 195.086 189.689 182.816 186.891 183.983 184.549 180.731 178.132 180.932 175.536 178.958 4
177.274 183.714 188.475 183.19 191.493 197.04 207.013 201.801 197.103 200.592 193.212 185.983 187.342 187.334 183.504 182.837 183.214 183.44 176.91 179.068 178.152 4
173.295 182.981 185.337 191.651 200.759 198.104 198.162 203.069 195.424 186.319 186.316 193.515 191.884 188.418 187.704 185.575 185.532 180.988 180 180 180 4
186.654 184.493 182.993 184.565 187.399 188.927 202.964 230.194 202.878 192.842 193.058 186.282 186.911 185.935 179.306 180.238 176.5 182.42 177.397 180.481 4
195.81 190.969 184.185 192.2 200.374 187.232 191.203 190.18 201.458 201.389 189.713 186.869 186.251 193.923 193.112 189.835 186.6 183.456 183.411 178.394 4
177.709 181.647 183.03 187.174 187.887 200.2 214.998 196.052 193.831 192.246 196.858 189.707 193.515 187.266 183.842 182.726 181.005 186.219 175.339 188.746 4
178.255 172.533 182.629 185.875 195.144 207.007 195.173 195.99 190.575 187.284 190.204 187.381 198.725 190.554 190.158 189.858 186.945 179.603 180.714 173.4 189.462 4
142.314 116.325 150.854 183.262 203.146 204.065 201.632 201.382 207.061 215.293 223.72 202.287 217.835 205.66 188.107 178.734 148.17 147.755 146.689 151.858 5
176.447 136.178 132.46 142.884 180.714 189.536 196.562 213.902 217.771 209.317 195.6 214.161 211.421 218.025 226.363 186.593 167.083 155.713 128.103 157.082 5
178.582 149.032 88.7453 151.928 197.894 210.035 195.626 209.107 199.922 210.858 216.902 210.12 203.697 224.05 204.316 187.597 170.838 147.619 127.016 155.618 168.997 5
167.242 133.898 117.667 178.34 208.543 191.835 201.096 209.224 219.197 215.506 203.385 211.293 216.513 214.758 196.859 175.457 138.628 138.497 154.014 148.536 5
181.908 160.338 83.9041 156.257 180.704 200.946 202.955 215.481 214.69 204.066 211.896 205.349 227.698 219.638 204.524 175.384 159.45 140.304 145.421 151.953 154.916 5
169.273 149.875 92.6567 176.455 193.776 206.416 211.181 210.905 209.359 212.915 201.49 228.797 208.057 199.337 197.811 171.21 163.316 153.751 140.225 150.209 169.418 5
166.691 139.764 109.654 170.129 191.993 205.438 210.204 219.148 212.053 209.044 221.738 214.805 218.175 196.666 190.286 181.846 166.503 128.718 135.958 163.632 5
174.664 157.063 103.7 139.367 176.424 194.45 234.238 207.296 207.667 212.388 213.994 196.012 190.473 217.397 225.79 199.258 186.912 173.27 144.455 122.071 5
165.135 168.69 166.759 113.023 143.653 194.036 207.46 221.379 219.906 220.421 200.843 207.91 258.495 204.55 192.328 163.981 139.282 150.19 146.908 157.559 5
177.879 169.695 120.16 125.477 163.613 192.063 236.81 195.379 201.265 212.189 212.44 217.034 218.672 219.527 210.566 187.232 143.255 170.726 146.082 145.69 5
165.065 151.876 126.87 156.857 166.273 178.843 215.781 220.5 217.885 207.519 208.284 219.799 216.416 223.409 195.255 166.381 152.722 143.4 152.241 165.651 157.203 5
182.353 155.785 117.103 143.711 183.798 185.727 207.383 220.659 231.247 215.034 194.097 220.978 230.931 204.303 184.554 169.246 151.157 165.7 130.167 150.365 165.334 5
169.863 102.995 132.851 166.522 183.339 205.651 227.942 211.817 210.615 207.544 201.222 212.553 243.484 211.299 187.237 166.877 148.063 148.979 117.544 170.425 183.935 5
170.3 154.708 83.5684 150.052 182.171 205.493 209.908 216.18 208.6 215.692 206.03 205.31 214.222 227.238 190.186 189.723 170.813 166.675 151.876 104.324 5
173.957 149.997 121.27 125.452 174.271 198.143 214.814 223.833 225.205 205.131 195.603 204.186 240.609 210.456 192.015 179.402 157.647 156.192 139.939 140.667 5
165.64 143.578 96.3402 167.537 189.815 193.969 214.006 229.337 215.669 205.038 204.78 230.461 227.951 191.662 184.135 137.562 157.043 150.383 144.083 173.324 178.706 5
180.401 176.055 147.418 100.846 172.067 203.329 187.125 198.034 235.821 216.539 206.8 204.37 232.853 229.675 182.651 175.89 147.128 145.209 153.845 173.916 5
166.878 133.548 112.555 181.776 199.097 188.491 227.033 210.757 220.653 211.329 203.113 249.527 208.434 180.782 166.309 157.371 154.447 152.04 132.805 160.486 170.828 5
171.18 169.695 138.18 110.225 161.565 188.076 208.009 227.726 250.994 189.733 201.801 226.736 196.699 231.34 204.624 190.67 166.667 140.389 163.009 118.301 5
171.337 154.7 86.9644 143.326 183.814 208.423 196.511 216.678 234.563 205.974 206.565 231.746 219.669 219.953 192.775 155.603 138.311 158.254 130.03 152.137 5
173.374 174.43 163.872 131.809 124.695 155.353 176.286 182.349 186.628 199.385 227.862 213.607 196.661 195.709 194.318 186.843 180 180 185.711 188.326 6
173.509 175.581 168.612 153.819 128.811 140.223 159.233 178.275 184.356 191.815 201.757 201.228 197.327 208.06 208.456 200.302 187.829 181.407 179.771 179.31 6
176.174 171.888 168.039 160.201 147.529 129.903 150.351 172.539 181.577 191.351 203.09 191.107 204.085 213.213 202.951 197.222 184.022 182.564 183.63 180.177 6
179.101 180.574 174.373 160.89 156.371 98.1301 166.159 176.796 191.161 204.319 198.435 207.897 200.283 195.255 200.225 193.465 182.337 182.091 178.752 177.51 6
178.232 178.264 177.397 166.342 179.157 159.228 98.2971 166.085 172.484 183.672 196.374 207.597 194.676 207.108 205.017 199.983 187.491 190.737 180.449 186.34 6
181.431 177.879 169.824 168.805 139.268 110.606 161.241 172.179 179.303 199.827 240.255 187.125 202.834 203.803 186.494 186.219 195.274 183.111 182.399 179.858 174.063 6
176.332 168.444 167.969 148.241 132.064 148.658 166.751 181.745 181.923 188.238 218.022 227.793 206.565 187.125 192.412 190.532 190.846 177.504 177.12 180 6
178.128 173.144 170.042 163.811 142.765 127.235 160.56 169.509 185.657 189.15 212.365 207.759 196.928 194.036 200.376 194.821 188.196 188.517 187.125 177.709 6
182.058 174.898 158.359 152.452 164.626 147.47 135.454 165.131 176.736 188.574 194.806 207.455 213.562 203.046 194.776 196.187 192.297 193.448 184.236 175.03 184.97 6
176.394 166.697 165.034 163.026 161.055 133.264 142.512 171.854 190.189 198.153 202.944 201.21 188.644 197.309 200.925 202.166 188.928 182.857 188.874 184.594 6
183.917 175.067 172.391 160.866 150.945 123.24 157.38 177.469 186.665 190.086 193.377 187.94 207.897 213.69 197.425 193.018 186.213 184.13 188.543 186.981 6
175.278 168.94 161.779 151.139 143.83 142.815 168.331 179.446 183.112 187.096 196.486 200.225 213.179 199.952 195.661 190.105 191.767 188.93 183.438 179.395 6
175.677 169.029 151.96 148.643 137.537 159.215 169.916 182.508 190.603 189.857 196.079 189.033 203.703 215.538 206.704 187.435 185.255 185.341 180.517 189.211 180 6
179.348 180.906 170.446 156.923 151.157 137.785 145.98 174.505 187.101 184.283 191.31 209.745 203.621 200.925 196.714 201.104 192.81 184.588 183.371 182.121 6
175.269 166.749 161.788 160.496 130.162 136.471 172.301 187.032 184.033 195.447 225.185 217.906 197.068 199.218 190.46 185.458 179.626 178.493 185.906 188.13 6
182.478 178.562 174.124 161.728 138.592 128.555 157.759 172.06 187.391 196.531 193.867 198.353 222.129 191.063 193.983 199.142 195.682 185.356 172.648 164.733 202.62 6
176.329 174.043 169.832 156.102 150.631 135 152.758 177.31 186.189 190.368 196.155 212.271 213.147 203.334 194.638 186.705 184.722 178.558 180.41 184.183 190.886 6
171.49 164.818 162.186 162.363 153.162 139.5 162.948 177.391 189.754 201.315 204.682 213.204 204.649 195.541 192.452 183.96 180.195 178.535 177.162 181.153 6
180 174.289 169.815 154.796 159.542 119.028 162.412 183.28 186.601 190.549 196.117 206.811 215.263 209.863 190.629 185.83 180.957 179.972 181.37 184.185 6
173.556 170.942 170.445 155.659 119.745 152.745 176.029 181.047 183.678 182.765 189.332 216.784 219.611 201.098 194.659 192.52 188.227 181.072 178.113 173.809 173.766 6
182.763 180.558 182.415 177.85 181.964 176.097 154.142 143.994 128.45 167.843 179.281 184.827 191.214 191.793 63.2288 163.996 174.636 173.399 167.939 167.471 7
180.185 174.629 176.781 175.651 184.219 164.687 105.161 155.376 181.749 180.573 179.011 158.112 130.21 151.6 147.774 175.972 185.315 174.685 195.642 179.613 7
168.31 174.336 177.556 184.322 177.267 183.766 174.487 189.728 45 183.108 189.646 181.736 175.503 166.248 112.194 152.892 164.101 170.882 179.182 176.604 167.287 7
182.118 181.47 182.531 177.295 105.945 131.987 180.15 188.355 179.532 179.375 163.337 128.83 146.31 159.528 173.907 174.763 176.281 170.052 173.06 184.526 7
177.583 179.499 182.563 182.409 175.811 163.895 129.094 141.444 163.598 176.911 185.826 187.518 185.609 86.2686 164.932 161.043 162.463 175.414 174.502 169.641 7
179.868 175.495 176.054 182.212 181.8 177.825 167.471 78.9765 162.771 187.952 191.974 182.942 171.347 96.3402 159.924 165.126 165.279 176.041 186.319 192.899 7
184.967 184.899 184.399 177.254 170.218 168.69 114.88 151.047 176.947 182.175 177.825 175.815 165.75 109.904 152.37 165.797 175.846 179.519 185.194 188.376 7
181.636 183.486 179.306 181.091 170.002 174.784 170.395 133.059 129.204 167.787 189.665 187.17 184.128 158.611 114.821 155.179 163.406 174.954 175.375 173.326 168.582 7
177.86 181.687 183.979 179.48 174.992 104.09 140.303 171.077 188.977 179.751 171.565 124.413 160.058 152.844 161.722 175.905 171.732 171.274 201.523 196.887 161.323 7
181.301 179.716 187.143 188.849 155.066 124.641 129.631 173.728 188.548 181.583 176.567 184.313 140.599 102.836 162.195 171.539 180.701 170.11 171.327 179.427 194.216 7
180 179.539 173.497 180.348 181.566 159.076 96.7098 172.144 183.267 179.143 174.222 175.768 182.406 75.9637 168.549 174.771 197.403 181.804 169.407 156.49 170.025 7
180.221 177.951 187.205 186.128 177.977 158.199 143.673 122.986 168.498 177.4 183.241 182.891 180 94.5739 159.166 163.496 166.158 179.453 180.605 193.813 7
177.869 177.758 175.632 177.882 170.017 162.181 110.323 160.495 173.471 184.409 181.302 181.637 171.238 109.014 164.297 153.03 170.116 181.255 184.789 170.897 7
186.648 185.914 179.57 170.676 161.453 97.2369 154.77 175.85 193.226 186.347 178.585 168.182 135 136.941 162.289 173.242 156.343 176.71 187.447 174.204 175.126 7
184.341 182.491 179.938 182.543 179.36 172.875 153.435 168.69 113.649 163.008 179.584 187.796 184.798 172.476 76.7595 162.056 175.158 176.07 177.285 181.176 203.062 7
188.772 179.859 167.224 141.112 139.347 153.435 169.411 181.854 184.161 177.89 174.938 164.715 99.1805 150.582 176.815 166.863 176.858 184.005 170.844 178.427 7
182.837 184.972 174.132 177.274 123.69 114.605 172.04 178.519 183.27 181.432 178.568 56.3099 150.84 176.349 184.326 191.648 165.544 164.445 184.574 187.765 184.764 7
180.598 180.538 179.287 173.904 163.393 148.241 137.816 163.719 168.767 178.958 182.226 185.08 270 306.87 177.825 183.965 190.914 181.332 185.404 178.472 170.218 7
178.324 181.032 183.599 179.128 180.424 186.8 172.776 180 65.7723 171.87 172.001 184.931 183.372 178.363 88.0251 161.565 172.231 173.554 174.819 177.532 7
180.624 173.062 169.267 177.839 86.6335 164.055 177.51 184.821 180.62 177.862 176.698 180 83.6598 154.144 179.461 171.68 174.265 184.803 188.963 186.459 7
183.386 282.447 193.111 66.8923 126.18 181.172 200.313 224.065 175.523 32.5145 160.502 287.666 168.758 36.8699 157.931 296.481 139.682 51.3669 230.335 200.274 8
198.425 289.356 175.733 26.3604 177.229 186.336 237.377 176.439 32.0868 165.048 259.392 184.392 29.1113 170.746 213.698 246.743 137.998 65.5761 191.67 238.285 171.538 8
170.557 296.375 153.264 26.5188 196.722 212.053 210.9 167.839 37.3957 166.234 282.499 173.081 20.5913 166.227 280.119 199.859 46.9933 145.161 250.457 176.462 8
193.759 178.989 271.104 178.896 73.6949 121.307 185.659 254.019 150.041 60.6859 199.852 230.848 171.638 32.0322 144.455 272.587 23.1233 175.54 182.63 282.84 8
189.188 273.301 183.395 24.0108 166.63 257.408 184.185 40.0303 166.871 284.279 159.202 74.7564 130.905 270.482 173.859 43.256 166.895 182.373 240.245 164.422 8
176.662 279.386 157.106 40.4499 184.127 231.694 197.292 168.957 37.801 190.609 257.968 174.981 41.3454 134.157 295.731 167.568 51.8872 155.137 228.508 217.007 8
182.496 269.803 156.278 59.8087 149.579 190.158 247.659 170.244 37.3763 172.446 254.638 184.974 74.9383 110.377 194.066 285.933 147.029 54.1657 180.21 250.39 8
173.609 262.767 194.682 62.0475 136.106 166.815 274.685 174.893 143.381 61.1887 165.212 277.959 165.308 41.003 154.641 273.452 195.291 29.1538 168.163 284.158 8
180.419 255.129 191.684 37.9208 164.023 234.48 198.69 162.818 39.8563 171.107 263.234 178.373 178.489 33.7101 170.072 288.351 140.34 58.6349 180.506 253.165 177.491 8
177.479 284.466 170.108 49.9115 155.756 166.436 269.973 166.122 117.469 94.2211 185.275 258.783 162.825 29.8989 174.289 285.173 158.813 53.0812 208.524 232.439 8
178.79 267.352 181.182 82.203 124.68 229.432 202.321 163.436 38.818 175.304 255.388 192.997 164.849 32.2229 182.949 278.894 169.562 34.0366 190.036 249.308 8
180.445 210.946 230.856 110.915 88.2101 208.686 239.982 172.496 45.3454 159.643 206.97 235.743 154.402 37.2896 170.064 292.206 184.203 28.5409 170.105 260.236 190.33 8
187.001 270.015 166.637 29.0207 172.546 236.853 215.083 166.908 32.6141 195.596 249.137 166.571 28.9573 166.473 302.06 164.969 35.9802 172.857 241.756 187.23 185.381 8
180.948 264.108 174.571 28.7877 180.389 212.339 229.739 167.131 40.5196 181.301 254.745 161.042 67.138 137.493 175.546 294.127 182.816 69.9676 138.18 185.08 250.405 8
192.918 206.793 238.098 177.592 16.6788 183.486 223.839 205.486 182.295 28.9995 175.057 237.639 199.755 174.819 23.287 289.216 168.575 60.9619 154.974 262.062 164.161 8
174.171 211.999 234.726 165.584 27.9461 180.648 271.653 167.773 107.319 102.313 174.027 274.068 167.662 50.3642 135.965 304.072 146.103 58.2663 170.824 265.421 148.475 8
202.656 272.914 170.792 35.2493 172.339 245.811 184.439 174.396 22.1537 192.026 263.954 161.029 43.9975 173.358 276.739 188.764 36.9713 158.221 182.512 240.175 8
181.203 287.758 160.735 151.75 47.4916 181.253 243.496 185.509 166.03 46.1816 175.696 264.451 169.642 37.8981 157.463 302.759 168.988 29.2968 180.969 256.833 156.43 8
187.765 283.911 180.253 18.8842 168.247 215.923 231.44 172.076 33.0685 171.048 234.178 206.111 167.594 17.0604 184.97 297.788 175.911 24.547 223.362 205.293 165.747 8
181.132 289.103 170.578 16.8277 176.517 256.41 200.025 169.902 56.5752 154.303 256.131 170.715 175.569 20.9692 170.089 311.596 165.074 37.3174 185.4 241.081 175.438 8
164.119 127.313 108.929 136.036 154.266 124.005 144.887 149.908 147.476 157.433 149.036 141.633 118.73 163.072 152.103 152.592 142.292 150.157 184.555 173.92 9
146.438 125.894 129.806 131.73 137.331 150.871 144.932 135.337 146.669 165.51 176.055 159.928 131.064 165.436 131.092 173.08 157.974 138.415 144.768 160.769 9
173.556 164.395 98.1878 137.031 156.468 137.984 135.334 161.139 137.905 157.907 159.164 135.93 146.194 164.407 144.782 142.743 156.528 147.406 146.325 150.906 123.69 9
158.912 132.724 116.705 130.484 139.69 136.145 137.068 144.086 155.547 141.282 159.999 157.753 154.987 157.794 143.649 147.656 139.27 150.777 166.293 174.289 9
111.842 142.609 151.396 127.694 164.249 121.006 168.476 164.959 128.784 156.178 182.98 156.013 126.585 166.734 157.531 113.936 174.076 156.05 124.538 159.253 9
174.525 99.6282 159.062 101.52 171.738 166.682 114.246 161.493 129.911 155.367 180.354 174.786 145.275 135.358 161.595 114.551 158.176 174.364 114.54 164.718 178.076 9
161.12 93.5035 134.215 137.575 155.159 141.862 110.374 159.311 159.802 166.66 158.477 152.819 150.535 139.521 151.068 157.817 163.271 136.312 158.356 165.502 9
123.019 121.153 139.567 124.736 146.438 145.505 144.808 134.297 160.508 186.738 182.966 99.9472 164.051 168.599 134.651 150.414 161.826 169.638 119.49 175.618 174.28 9
124.086 130.246 143.803 123.254 167.471 121.535 158.331 159.131 115.935 185.518 187.623 155.294 110.861 176.249 116.412 156.497 166.481 154.562 132.138 179.157 9
149.589 123.69 128.718 133.971 134.753 143.013 136.467 139.365 158.459 178.152 138.695 151.587 154.259 159.164 133.492 157.739 164.9 158.859 135.795 177.357 9
150.255 113.691 112.559 146.021 159.827 148.502 145.109 160.346 129.13 160.989 182.036 170.087 125.484 150.917 161.736 130.436 152.577 171.049 154.241 147.919 149.615 9
165.421 98.0309 133.505 131.694 123.709 173.472 137.121 117.684 161.742 188.903 162.617 132.469 159.597 159.147 132.381 153.896 156.133 174.038 130.88 176.151 9
150.405 100.079 158.56 128.416 155.244 157.185 134.67 146.396 132.064 171.645 175.03 164.745 116.944 166.443 129.743 146.211 170.204 164.586 126.12 165.005 9
160.253 93.7314 179.867 118.872 154.933 162.009 124.632 154.399 150.593 144.211 163.358 183.779 143.051 121.139 177.794 124.502 138.941 182.036 163.284 123.63 9
155.499 112.434 154.373 127.786 140.323 164.877 134.13 156.911 152.233 136.484 170.082 173.681 133.184 149.659 161.779 116.705 176.71 162.346 140.904 151.431 9
153.543 105.99 162.023 108.153 163.291 134.69 146.812 159.23 117.444 176.088 190.67 135.981 143.869 159.981 154.246 133.688 170.161 175.003 144.105 141.773 9
180 91.9415 168.193 97.0731 187.806 142.082 125.166 164.982 111.504 172.473 176.806 158.225 128.787 168.99 169.206 98.5019 185.826 164.308 124.695 158.159 9
185.103 106.239 163.438 169.531 93.5323 171.027 120.964 166.021 168.101 89.3125 175.601 185.77 178.629 133.781 150.733 179.523 89.132 183.005 111.826 159.718 176.319 9
158.875 114.52 164.535 87.995 183.056 116.836 158.784 168.368 98.8014 175.236 167.775 140.1 143.659 179.027 128.911 148.747 172.804 164.941 116.565 171.311 9
191.722 99.7564 155.701 90.2751 183.476 162.866 110.372 173.717 159.041 130.236 157.166 178.059 181.577 120.405 153.869 180.49 91.302 187.809 179.504 85.6432 176.951 9