178.091 184.574 174.584 147.152 150.255 157.087 176.348 173.885 177.585 177.221 135 142.806 170.975 178.747 183.344 177.909 147.529 133.898 181.102 180 180 0
180.586 186.783 175.406 162.521 130.508 157.806 174.063 171.657 172.272 155.225 126.485 165.668 190.094 179.459 173.996 149.534 138.18 179.514 180.827 176.479 177.397 0
181.095 176.223 175.502 161.29 141.591 153.804 166.681 173.871 183.832 110.509 170.864 170.924 168.849 174.83 170.538 138.225 171.176 178.579 178.275 179.926 184.635 0
178.579 177.917 180 154.359 135.081 159.944 179.095 172.211 161.96 135.319 161.121 172.65 174.935 170.944 134.76 157.62 184.72 183.045 172.235 161.565 0
177.904 176.729 163.188 167.141 154.52 150.055 161.793 181.288 176.21 142.312 150.082 162.115 171.101 181.315 168.764 144.256 157.059 170.308 184.604 176.755 178.641 0
190.773 183.602 174.404 169.798 149.863 146.859 160.71 164.32 177.935 183.708 134.502 147.098 165.996 170.294 173.528 163.221 156.257 168.021 182.159 179.302 173.66 0
181.262 182.638 188.06 172.318 133.925 142.565 164.138 184.557 182.066 81.1329 170.556 185.55 186.706 172.969 136.995 149.334 173.138 183.353 183.452 177.667 0
176.736 173.306 173.454 181.005 136.559 145.431 180.203 179.051 176.607 103.074 162.335 179.23 172.222 169.028 130.601 172.965 178.491 180.482 176.001 178.025 180 0
168.849 174.987 170.538 167.685 132.845 163.82 176.811 175.131 171.485 106.105 178.186 177.635 175.917 169.617 168.503 128.83 171.239 186.24 174.02 175.134 0
163.895 147.529 163.61 177.955 161.131 164.174 159.076 145.62 167.471 169.144 176.82 175.601 163.843 128.991 171.027 181.157 185.023 172.488 173.845 180.751 177.274 0
185.244 169.021 164.467 164.803 156.264 169.243 171.449 166.43 148.57 161.338 172.097 159.034 150.615 170.586 151.613 144.462 159.376 178.144 167.868 162.486 157.38 1
168.449 157.957 154.627 168.073 168.336 169.261 160.846 159.383 168.284 162.199 162.942 158.364 154.091 161.607 144.861 165.59 155.9 166.386 173.539 162.044 159.928 1
163.719 150.958 165.194 177.131 179.833 174.289 162.072 164.904 155.029 162.031 161.133 161.332 166.093 162.281 166.118 161.128 151.314 163.918 159.678 165.622 172.111 1
170.17 163.04 157.02 171.527 164.664 164.616 172.985 155.841 156.784 164.643 169.797 175.03 166.264 154.447 155.478 162.831 149.819 161.225 168.766 162.541 1
167.609 153.435 164.745 152.819 151.876 162.087 167.163 166.592 180 166.629 147.529 175.236 160.244 156.83 160.523 164.291 167.471 175.299 178.608 160.986 1
172.875 173.387 166.057 151.591 162.163 157.545 155.432 170.458 158.229 173.339 167.872 168.242 161.434 150.255 145.733 166.016 160.159 170.518 179.564 170.372 1
157.417 170.798 168.956 168.643 165.862 153.855 163.118 161.565 163.855 173.042 172.314 172.323 152.675 154.479 157.536 169.215 160.345 166.113 162.964 156.603 1
175.231 155.083 153.978 167.504 160.043 162.67 159.934 157.228 164.497 178.474 166.065 144.613 166.176 171.653 172.426 165.018 165.54 163.284 162.506 164.101 1
165.53 145.305 162.101 174.986 169.538 164.312 161.663 155.959 161.673 171.027 176.424 170.507 163.642 146.549 155.79 159.808 167.537 166.654 153.316 168.141 1
171.752 168.594 158.585 166.507 160.057 147.372 150.864 174.144 172.606 171.1 168.077 151.907 157.094 166.613 153.623 153.488 164.316 164.542 170.293 174.001 1
180 177.879 174.996 177.397 184.017 183.921 180.709 181.081 180 174.289 182.344 189.077 188.326 173.558 181.868 176.878 173.66 180 180 180 180 2
188.746 176.224 178.975 177.739 179.041 179.275 180 178.152 177.274 184.574 175.486 173.894 178.525 186.9 179.484 182.344 183.366 180 172.875 187.125 180 2
45 153.435 168.69 180.47 174.415 177.99 174.226 177.805 179.223 183.306 185.44 177.879 177.961 176.565 179.064 188.531 161.565 198.435 180 180 2
180.434 174.596 176.566 177.9 176.206 176.032 180.976 183.646 181.548 180 180 180 180 180 180 180 173.66 186.34 180 174.806 175.732 2
176.186 175.462 173.825 177.989 182.48 185.955 177.949 177.996 178.039 176.269 179.293 188.403 176.035 178.995 183.18 180.535 179.465 174.094 182.726 172.875 198.435 2
180 176.532 178.954 181.01 179.267 179.473 180.128 176.782 182.413 181.972 183.468 175.601 184.399 180 174.806 180.431 180 180 180 168.818 2
185.194 178.382 179.436 181.073 175.914 180 178.568 178.471 180.986 177.211 177.639 178.995 176.82 182.564 181.621 178.995 180 176.82 177.274 194.036 2
165.964 181.507 178.206 184.198 180 180.305 188.312 191.373 178.88 172.618 178.636 178.21 181.79 184.236 188.292 188.027 159.444 186.34 173.66 174.289 2
177.397 173.392 173.956 172.158 179.898 176.634 181.061 178.939 173.66 180.331 181.72 175.758 173.276 178.397 186.554 190.305 194.036 176.269 185.641 176.149 194.47 2
176.269 174.459 178.603 178.924 170.9 176.096 178.671 182.952 184.327 182.561 179.817 176.946 181.972 183.468 191.31 174.401 183.262 176.222 178.382 176.424 2
180 180 181.494 178.506 172.875 283.465 213.088 191.283 178.161 178.077 176.077 178.853 171.233 176.87 168.453 90 150.642 178.758 186.184 185.981 3
179.318 180.682 180.516 182.01 186.936 280.521 202.004 186.026 188.297 181.752 170.442 175.327 173.916 180.128 91.9306 146.398 174.406 179.39 181.432 178.568 3
161.565 180 173.254 184.36 292.185 206.37 188.077 176.691 174.653 177.977 177.346 168.562 168.959 87.8253 165.942 175.875 180.59 190.422 176.35 174.56 3
175.27 179.667 179.745 183.589 237.4 253.894 190.723 185.563 176.06 174.533 175.192 172.185 169.38 72.8973 170.039 177.772 184.668 178.059 180 180 3
177.922 183.38 180.941 180.535 209.215 269.725 196.655 188.574 184.125 173.5 164.034 166.759 167.681 121.569 141.965 169.687 179.46 182.245 183.764 187.595 3
179.018 181.456 183.414 178.838 310.299 190.384 185.572 181.58 175.748 170.087 169.513 177.78 146.31 88.5679 176.828 183.459 179.598 179.112 180.391 182.045 3
173.313 179.256 176.236 183.764 243.435 230.641 204.061 192.857 170.945 177.007 174.861 174.068 161.779 146.31 127.465 160.075 163.807 187.886 185.557 179.246 180 3
171.915 183.919 196.24 282.26 200.18 187.943 171.713 175.735 185.54 177.51 175.236 150.068 169.695 157.834 117.277 169.171 179.71 180.481 179.887 181.747 175.764 3
180.579 184.032 176.871 177.496 286.968 211.3 197.358 179.53 178.685 178.127 177.049 175.536 164.626 170.897 177.51 71.7606 169.842 183.381 178.937 175.309 3
182.705 178.253 187.67 190.603 174.094 216.87 280.491 184.764 180.387 185.728 179.402 182.426 164.932 198.435 18.4349 175.601 181.909 184.909 189.214 185.892 3
168.69 174.611 173.863 177.098 173.515 168.05 168.33 166.549 146.54 133.03 164.243 175.347 175.079 172.826 172.143 173.387 175.486 153.55 181.909 190.62 4
171.699 176.927 177.879 172.451 166.299 156.251 162.3 174.768 175.286 167.41 134.05 161.442 172.716 170.75 170.792 178.302 166.98 170.221 181.548 184.399 4
177.403 173.208 168.996 168.058 169.824 175.601 168.69 145.514 148.725 173.259 179.63 163.511 162.032 167.685 169.042 162.949 170.272 170.362 177.532 185.194 4
169.091 170.466 178.995 178.781 177.487 171.351 172.526 161.856 163.705 172.052 167.766 154.55 163.361 158.325 167.778 172.15 174.788 167.275 172.276 175.058 172.216 4
174.806 176.009 176.738 178.601 179.19 176.782 175.753 165.664 159.631 166.979 170.767 176.644 176.333 168.789 137.121 161.222 175.944 170.486 171.433 179.567 4
173.196 180.82 170.213 173.202 171.21 161.815 160.56 170.149 169.131 171.916 177.677 168.914 161.115 161.471 162.501 167.966 170.706 174.874 178.291 174.472 4
177.021 176.363 170.295 175.011 169.582 170.053 164.091 172.112 171.54 162.753 167.783 174.472 168.69 165.256 158.451 162.804 168.65 168.486 171.952 176.964 4
176.642 177.272 171.958 176.341 173.144 166.207 162.125 162.989 166.395 168.259 166.866 172.034 174.087 166.907 159.978 170.184 168.941 168.016 171.098 165.069 4
174.22 169.472 176.05 175.381 165.35 158.282 159.748 160.656 151.775 174.153 181.749 174.052 160.644 162.212 170.331 177.446 172.977 167.069 172.36 178.668 4
180.195 173.381 175.992 173.928 173.517 171.657 163.397 158.998 154.526 134.881 155.852 175.069 178.106 180.562 176.769 178.915 177.976 174.519 170.451 156.371 4
142.314 116.325 150.854 183.262 203.146 204.065 201.632 201.382 207.061 215.293 223.72 202.287 217.835 205.66 188.107 178.734 148.17 147.755 146.689 151.858 5
176.447 136.178 132.46 142.884 180.714 189.536 196.562 213.902 217.771 209.317 195.6 214.161 211.421 218.025 226.363 186.593 167.083 155.713 128.103 157.082 5
178.582 149.032 88.7453 151.928 197.894 210.035 195.626 209.107 199.922 210.858 216.902 210.12 203.697 224.05 204.316 187.597 170.838 147.619 127.016 155.618 168.997 5
167.242 133.898 117.667 178.34 208.543 191.835 201.096 209.224 219.197 215.506 203.385 211.293 216.513 214.758 196.859 175.457 138.628 138.497 154.014 148.536 5
181.908 160.338 83.9041 156.257 180.704 200.946 202.955 215.481 214.69 204.066 211.896 205.349 227.698 219.638 204.524 175.384 159.45 140.304 145.421 151.953 154.916 5
169.273 149.875 92.6567 176.455 193.776 206.416 211.181 210.905 209.359 212.915 201.49 228.797 208.057 199.337 197.811 171.21 163.316 153.751 140.225 150.209 169.418 5
166.691 139.764 109.654 170.129 191.993 205.438 210.204 219.148 212.053 209.044 221.738 214.805 218.175 196.666 190.286 181.846 166.503 128.718 135.958 163.632 5
174.664 157.063 103.7 139.367 176.424 194.45 234.238 207.296 207.667 212.388 213.994 196.012 190.473 217.397 225.79 199.258 186.912 173.27 144.455 122.071 5
165.135 168.69 166.759 113.023 143.653 194.036 207.46 221.379 219.906 220.421 200.843 207.91 258.495 204.55 192.328 163.981 139.282 150.19 146.908 157.559 5
177.879 169.695 120.16 125.477 163.613 192.063 236.81 195.379 201.265 212.189 212.44 217.034 218.672 219.527 210.566 187.232 143.255 170.726 146.082 145.69 5
173.374 174.43 163.872 131.809 124.695 155.353 176.286 182.349 186.628 199.385 227.862 213.607 196.661 195.709 194.318 186.843 180 180 185.711 188.326 6
173.509 175.581 168.612 153.819 128.811 140.223 159.233 178.275 184.356 191.815 201.757 201.228 197.327 208.06 208.456 200.302 187.829 181.407 179.771 179.31 6
176.174 171.888 168.039 160.201 147.529 129.903 150.351 172.539 181.577 191.351 203.09 191.107 204.085 213.213 202.951 197.222 184.022 182.564 183.63 180.177 6
179.101 180.574 174.373 160.89 156.371 98.1301 166.159 176.796 191.161 204.319 198.435 207.897 200.283 195.255 200.225 193.465 182.337 182.091 178.752 177.51 6
178.232 178.264 177.397 166.342 179.157 159.228 98.2971 166.085 172.484 183.672 196.374 207.597 194.676 207.108 205.017 199.983 187.491 190.737 180.449 186.34 6
181.431 177.879 169.824 168.805 139.268 110.606 161.241 172.179 179.303 199.827 240.255 187.125 202.834 203.803 186.494 186.219 195.274 183.111 182.399 179.858 174.063 6
176.332 168.444 167.969 148.241 132.064 148.658 166.751 181.745 181.923 188.238 218.022 227.793 206.565 187.125 192.412 190.532 190.846 177.504 177.12 180 6
178.128 173.144 170.042 163.811 142.765 127.235 160.56 169.509 185.657 189.15 212.365 207.759 196.928 194.036 200.376 194.821 188.196 188.517 187.125 177.709 6
182.058 174.898 158.359 152.452 164.626 147.47 135.454 165.131 176.736 188.574 194.806 207.455 213.562 203.046 194.776 196.187 192.297 193.448 184.236 175.03 184.97 6
176.394 166.697 165.034 163.026 161.055 133.264 142.512 171.854 190.189 198.153 202.944 201.21 188.644 197.309 200.925 202.166 188.928 182.857 188.874 184.594 6
182.763 180.558 182.415 177.85 181.964 176.097 154.142 143.994 128.45 167.843 179.281 184.827 191.214 191.793 63.2288 163.996 174.636 173.399 167.939 167.471 7
180.185 174.629 176.781 175.651 184.219 164.687 105.161 155.376 181.749 180.573 179.011 158.112 130.21 151.6 147.774 175.972 185.315 174.685 195.642 179.613 7
168.31 174.336 177.556 184.322 177.267 183.766 174.487 189.728 45 183.108 189.646 181.736 175.503 166.248 112.194 152.892 164.101 170.882 179.182 176.604 167.287 7
182.118 181.47 182.531 177.295 105.945 131.987 180.15 188.355 179.532 179.375 163.337 128.83 146.31 159.528 173.907 174.763 176.281 170.052 173.06 184.526 7
177.583 179.499 182.563 182.409 175.811 163.895 129.094 141.444 163.598 176.911 185.826 187.518 185.609 86.2686 164.932 161.043 162.463 175.414 174.502 169.641 7
179.868 175.495 176.054 182.212 181.8 177.825 167.471 78.9765 162.771 187.952 191.974 182.942 171.347 96.3402 159.924 165.126 165.279 176.041 186.319 192.899 7
184.967 184.899 184.399 177.254 170.218 168.69 114.88 151.047 176.947 182.175 177.825 175.815 165.75 109.904 152.37 165.797 175.846 179.519 185.194 188.376 7
181.636 183.486 179.306 181.091 170.002 174.784 170.395 133.059 129.204 167.787 189.665 187.17 184.128 158.611 114.821 155.179 163.406 174.954 175.375 173.326 168.582 7
177.86 181.687 183.979 179.48 174.992 104.09 140.303 171.077 188.977 179.751 171.565 124.413 160.058 152.844 161.722 175.905 171.732 171.274 201.523 196.887 161.323 7
181.301 179.716 187.143 188.849 155.066 124.641 129.631 173.728 188.548 181.583 176.567 184.313 140.599 102.836 162.195 171.539 180.701 170.11 171.327 179.427 194.216 7
183.386 282.447 193.111 66.8923 126.18 181.172 200.313 224.065 175.523 32.5145 160.502 287.666 168.758 36.8699 157.931 296.481 139.682 51.3669 230.335 200.274 8
198.425 289.356 175.733 26.3604 177.229 186.336 237.377 176.439 32.0868 165.048 259.392 184.392 29.1113 170.746 213.698 246.743 137.998 65.5761 191.67 238.285 171.538 8
170.557 296.375 153.264 26.5188 196.722 212.053 210.9 167.839 37.3957 166.234 282.499 173.081 20.5913 166.227 280.119 199.859 46.9933 145.161 250.457 176.462 8
193.759 178.989 271.104 178.896 73.6949 121.307 185.659 254.019 150.041 60.6859 199.852 230.848 171.638 32.0322 144.455 272.587 23.1233 175.54 182.63 282.84 8
189.188 273.301 183.395 24.0108 166.63 257.408 184.185 40.0303 166.871 284.279 159.202 74.7564 130.905 270.482 173.859 43.256 166.895 182.373 240.245 164.422 8
176.662 279.386 157.106 40.4499 184.127 231.694 197.292 168.957 37.801 190.609 257.968 174.981 41.3454 134.157 295.731 167.568 51.8872 155.137 228.508 217.007 8
182.496 269.803 156.278 59.8087 149.579 190.158 247.659 170.244 37.3763 172.446 254.638 184.974 74.9383 110.377 194.066 285.933 147.029 54.1657 180.21 250.39 8
173.609 262.767 194.682 62.0475 136.106 166.815 274.685 174.893 143.381 61.1887 165.212 277.959 165.308 41.003 154.641 273.452 195.291 29.1538 168.163 284.158 8
180.419 255.129 191.684 37.9208 164.023 234.48 198.69 162.818 39.8563 171.107 263.234 178.373 178.489 33.7101 170.072 288.351 140.34 58.6349 180.506 253.165 177.491 8
177.479 284.466 170.108 49.9115 155.756 166.436 269.973 166.122 117.469 94.2211 185.275 258.783 162.825 29.8989 174.289 285.173 158.813 53.0812 208.524 232.439 8
164.119 127.313 108.929 136.036 154.266 124.005 144.887 149.908 147.476 157.433 149.036 141.633 118.73 163.072 152.103 152.592 142.292 150.157 184.555 173.92 9
146.438 125.894 129.806 131.73 137.331 150.871 144.932 135.337 146.669 165.51 176.055 159.928 131.064 165.436 131.092 173.08 157.974 138.415 144.768 160.769 9
173.556 164.395 98.1878 137.031 156.468 137.984 135.334 161.139 137.905 157.907 159.164 135.93 146.194 164.407 144.782 142.743 156.528 147.406 146.325 150.906 123.69 9
158.912 132.724 116.705 130.484 139.69 136.145 137.068 144.086 155.547 141.282 159.999 157.753 154.987 157.794 143.649 147.656 139.27 150.777 166.293 174.289 9
111.842 142.609 151.396 127.694 164.249 121.006 168.476 164.959 128.784 156.178 182.98 156.013 126.585 166.734 157.531 113.936 174.076 156.05 124.538 159.253 9
174.525 99.6282 159.062 101.52 171.738 166.682 114.246 161.493 129.911 155.367 180.354 174.786 145.275 135.358 161.595 114.551 158.176 174.364 114.54 164.718 178.076 9
161.12 93.5035 134.215 137.575 155.159 141.862 110.374 159.311 159.802 166.66 158.477 152.819 150.535 139.521 151.068 157.817 163.271 136.312 158.356 165.502 9
123.019 121.153 139.567 124.736 146.438 145.505 144.808 134.297 160.508 186.738 182.966 99.9472 164.051 168.599 134.651 150.414 161.826 169.638 119.49 175.618 174.28 9
124.086 130.246 143.803 123.254 167.471 121.535 158.331 159.131 115.935 185.518 187.623 155.294 110.861 176.249 116.412 156.497 166.481 154.562 132.138 179.157 9
149.589 123.69 128.718 133.971 134.753 143.013 136.467 139.365 158.459 178.152 138.695 151.587 154.259 159.164 133.492 157.739 164.9 158.859 135.795 177.357 9