181.679 178.143 170.768 100.106 179.455 128.692 143.251 177.014 100.647 171.647 0
184.399 172.235 102.627 169.679 144.191 132.776 170.008 180.272 97.9587 182.872 0
178.155 175.029 94.5249 174.176 179.424 107.374 161.565 177.797 110.638 162.838 0
179.137 178.409 89.326 176.966 172.667 98.3146 178.212 182.311 95.5045 177.176 0
181.534 76.9503 184.473 72.3603 190.381 183.623 87.034 189.128 172.919 178.524 0
165.658 130.956 141.556 180.368 131.807 137.502 179.511 103.696 163.677 184.314 0
180.283 174.843 95.0719 169.642 167.803 100.902 174.202 192.114 79.1953 190.575 0
186.591 84.0223 170.817 145.084 132.767 172.235 162.597 128.6 165.735 175.421 183.553 0
176.909 101.803 158.436 181.245 121.329 154.284 166.347 105.844 175.944 179.007 0
188.644 132.4 129.378 169.36 134.433 160.937 153.853 109.185 170.745 173.622 0
151.918 165.931 148.912 168.307 127.701 132.322 124.849 168.773 152.437 139.574 146.768 1
166.971 153.435 156.801 111.669 150.049 144.437 153.864 148.513 146.096 154.813 1
170.407 158.629 136.548 119.416 147.301 170.895 166.695 156.656 150.018 149.036 1
147.475 152.794 169.347 161.262 118.567 124.799 152.198 166.192 181.177 167.335 1
144.338 142.314 130.08 159.488 153.758 136.286 132.153 144.561 158.633 171.201 1
158.705 150.065 156.506 139.644 140.418 154.933 152.951 149.333 147.43 140.973 1
164.934 149.979 139.925 120.801 138.197 152.898 148.398 147.567 149.574 173.191 1
143.645 161.367 150.606 157.95 154.808 146.34 154.134 127.444 153.202 127.434 1
152.71 159.083 167.169 147.567 111.409 159.451 141.176 155.869 149.605 136.626 1
143.697 155.915 155.56 138.991 151.699 145.74 150.194 130.6 142.425 158.237 1
180 184.764 179.635 175.601 180 180 180 180 180 180 180 2
188.281 175.999 172.107 179.092 177.14 181.042 185.44 177.926 176.634 176.634 2
167.347 160.528 154.033 179.491 181.712 188.42 188.548 177.523 177.397 165.964 2
153.119 163.142 162.35 180 178.698 185.247 184.935 181.2 177.044 172.875 2
170.099 186.448 178.545 183.576 183.691 180.394 180.678 186.546 175.815 172.875 2
183.013 181.654 177.096 178.238 180 177.797 180.611 181.591 180 180 2
164.684 160.402 191.837 195.106 177.451 172.045 180.614 173.115 184.764 180 2
163.666 179.777 174.681 178.705 185.281 211.629 179.204 172.666 174.094 175.05 2
180 182.386 177.614 174.738 181.794 183.468 185.44 174.56 180 180 180 2
180 180 180 184.764 180 177.92 179.519 183.37 183.89 183.066 185.906 2
189.571 175.88 313.264 195.422 172.009 163.478 183.38 140.711 95.2901 171.408 179.401 3
183.921 192.664 292.787 194.369 167.822 157.87 172.942 143.561 100.557 183.986 182.065 3
169.242 171.104 306.87 199.876 172.013 174.844 168.403 95.8696 154.122 175.217 3
167.062 181.529 319.952 180.871 168.157 178.524 186.546 55.0894 183.885 175.759 182.155 3
168.779 316.502 191.257 172.956 167.291 71.834 174.046 190.217 185.745 173.937 3
185.465 195.659 307.35 176.949 181.06 188.078 156.219 92.3485 168.497 175.679 3
181.674 179.736 314.691 188.167 174.03 172.168 184.241 172.853 49.6045 179.282 3
167.23 184.08 208.413 292.011 184.084 172.046 162.593 63.7421 177.254 180.091 192.923 3
173.196 309.282 187.184 183.811 165.27 177.004 121.682 103.188 183.641 198.356 3
175.717 205.137 268.586 206.779 178.38 161.225 176.629 89.0326 159.387 178.616 3
180.102 175.1 179.229 170.893 136.528 155.668 125.72 165.002 158.12 166.696 4
175.03 170.038 174.375 157.404 139.161 153.435 169.977 162.717 157.718 170.269 4
163.142 153.8 168.254 165.445 152.235 151.832 158.199 166.608 173.168 178.423 156.801 4
166.545 167.699 156.73 143.688 149.979 143.344 153.175 168.736 170.197 173.919 4
165.926 170.741 157.771 143.455 159.444 135.781 150.617 164.448 177.756 176.152 4
163.484 170.53 173.486 157.738 150.576 132.037 146.61 172.225 169.011 181.548 4
185.857 205.631 201.06 226.009 214.612 201.777 188.437 182.897 180.128 179.685 188.666 4
161.565 171.085 167.32 157.286 171.18 172.875 171.87 147.529 160.346 179.31 4
168.226 154.072 166.666 150.504 148.135 152.07 159.091 162.678 168.603 164.255 4
175.848 169.063 162.495 151.287 153.339 153.427 159.037 150.67 163.785 178.038 4
139.566 96.0901 181.16 239.124 253.93 254.277 230.871 192.016 143.036 136.526 5
132.225 135.618 193.719 225.864 240.971 226.334 243.725 219.902 170.698 139.109 122.987 5
139.021 117.918 136.386 238.358 246.943 238.086 255.351 214.973 148.926 140.318 5
74.2479 174.531 225.151 235.079 226.601 233.776 251.579 200.488 146.58 126.87 147.242 5
116.98 132.23 215.605 230.337 254.497 249.989 212.081 177.559 155.28 133.73 5
75.44 168.015 213.928 220.71 276.24 220.155 271.369 174.622 126.921 123.929 5
105.639 147.431 205.202 247.349 238.345 228.778 275.315 169.193 116.18 155.686 148.216 5
71.6597 184.578 246.336 245.346 208.663 274.187 221.562 163.016 126.821 127.211 5
155.376 73.7556 167.93 273.54 241.928 218.08 229.613 260.574 155.835 120.696 5
69.3689 188.301 205.866 278.13 208.797 216.409 282.163 189.877 127.409 98.5266 162.255 5
184.035 156.809 67.3354 162.822 197.784 237.388 207.141 202.519 196.847 188.067 6
179.504 149.472 96.7959 148.367 194.751 229.024 213.156 204.449 199.2 186.446 6
170.369 133.558 110.415 159.713 195.561 210.253 216.439 208.686 208.171 191.87 6
178.035 152.587 118.203 135.781 181.531 206.207 228.395 222.003 193.907 183.08 186.491 6
170.428 117.962 120.774 167.661 204.814 226.386 196.526 196.31 208.62 194.683 6
166.26 171.097 107.483 126.057 180.755 211.972 226.806 219 201.559 183.851 6
181.526 170.167 99.4173 134.467 181.123 210.651 220.059 221.377 200.652 188.927 6
169.849 128.859 106.015 171.347 192.837 213 233.82 212.378 193.631 182.936 6
167.994 160.354 106.87 128.988 174.836 213.927 247.016 212.789 198.793 188.907 6
171.765 159.444 75.0378 167.325 192.612 204.753 217.589 228.965 198.953 180.129 6
176.404 178.665 176.851 116.194 130.768 185.57 193.283 77.6806 162.784 165.234 154.526 7
177.659 175.42 171.87 71.565 177.668 187.95 61.8394 166.562 181.732 175.589 7
178.059 179.679 149.603 96.5163 170.165 183.705 72.7712 159.301 180.494 141.261 7
181.323 179.564 170.375 71.3404 177.361 187.282 112.147 126.195 160.578 180.612 7
211.137 182.034 181.851 104.676 115.244 181.733 183.133 85.8151 138.906 160.748 7
168.867 171.924 67.8337 168.12 189.374 185.232 87.6386 138.226 167.757 164.198 7
177.335 184.309 181.219 47.4896 169.814 176.136 63.6852 174.094 189.494 172.3 7
176.372 171.208 95.2471 152.764 178.566 184.554 60.4427 159.278 185.433 199.564 7
198.222 214.661 192.908 186.578 45.3784 170.73 177.972 103.441 159.055 149.097 7
189.136 184.846 174.422 55.2512 189.861 170.692 113.525 147.859 150.485 159.904 7
286.253 81.3444 124.689 249.312 61.0678 143.765 249.071 41.5957 260.793 130.368 8
272.966 32.7529 227.725 163.094 87.9653 230.135 20.6734 235.812 213.476 55.6881 8
253.44 98.5959 123.003 265.674 34.1082 212.569 153.974 57.0251 292.599 43.1142 228.881 8
249.898 43.2284 188.311 220.982 44.4591 199.836 126.783 131.796 270.078 37.2895 8
285.81 40.3726 209.4 206.602 36.7368 239.115 21.8842 266.657 106.488 147.574 8
277.469 32.9072 182.635 236.505 29.9666 237.56 151.438 46.1974 280.274 48.3646 8
268.093 203.171 31.3964 255.651 36.4002 232.579 101.94 87.1906 305.913 43.3294 8
283.923 33.5909 254.226 172.251 39.7092 238.033 29.5574 186.835 207.233 108.059 214.283 8
272.383 48.0898 233.119 151.368 63.3554 247.544 31.587 183.756 259.188 52.746 8
275.553 57.3722 169.698 249.723 32.954 227.582 25.7617 166.806 284.796 67.6342 8
101.535 87.0082 133.785 137.192 99.7667 167.531 121.994 136.219 99.946 159.461 9
101.336 66.5554 138.56 124.721 121.554 177.189 106.228 151.777 101.391 133.453 141.416 9
100.218 71.162 155.655 105.12 105.793 171.135 108.919 134.188 124.107 125.739 146.55 9
101.685 96.7633 116.266 139.936 106.532 177.88 89.3644 130.258 144.68 118.868 9
119.324 90.4362 110.256 155.565 85.0507 188.692 100.128 148.36 103.469 118.113 9
106.143 88.0306 125.238 123.131 102 177.148 118.048 126.159 88.063 128.304 159.59 9
88.8443 83.6598 127.875 112.973 124.576 173.997 102.34 142.332 101.35 139.958 9
85.7001 76.8972 113.412 81.5014 181.816 119.729 137.126 103.466 161.328 116.575 9
76.7046 102.562 120.203 128.28 115.647 173.066 106.139 142.706 119.877 118.213 136.789 9
95.5079 108.345 100.905 132.482 124.532 119.269 147.507 117.273 139.03 119.937 9