181.679 178.143 170.768 100.106 179.455 128.692 143.251 177.014 100.647 171.647 0
184.399 172.235 102.627 169.679 144.191 132.776 170.008 180.272 97.9587 182.872 0
178.155 175.029 94.5249 174.176 179.424 107.374 161.565 177.797 110.638 162.838 0
179.137 178.409 89.326 176.966 172.667 98.3146 178.212 182.311 95.5045 177.176 0
181.534 76.9503 184.473 72.3603 190.381 183.623 87.034 189.128 172.919 178.524 0
165.658 130.956 141.556 180.368 131.807 137.502 179.511 103.696 163.677 184.314 0
180.283 174.843 95.0719 169.642 167.803 100.902 174.202 192.114 79.1953 190.575 0
186.591 84.0223 170.817 145.084 132.767 172.235 162.597 128.6 165.735 175.421 183.553 0
176.909 101.803 158.436 181.245 121.329 154.284 166.347 105.844 175.944 179.007 0
188.644 132.4 129.378 169.36 134.433 160.937 153.853 109.185 170.745 173.622 0
174.818 191.723 73.2186 192.138 180.246 141.094 121.281 182.145 191.574 88.7825 0
177.355 114.213 157.21 162.571 109.613 179.603 154.001 121.899 180.116 179.962 0
180.374 192.61 151.587 108.662 175.685 121.955 150.672 174.336 106.504 167.492 0
173.928 148.05 131.69 175.568 188.939 120.753 145.302 179.404 93.1243 167.735 0
176.583 100.226 177.091 119.79 156.198 176.259 178.933 194.21 176.352 75.1762 0
175.566 183.015 88.4027 177.418 85.0167 189.491 128.172 156.272 170.373 181.161 0
184.582 183.103 86.374 176.871 160.567 111.321 169.288 129.604 152.209 185.917 0
170.871 193.035 78.687 184.871 161.952 111.445 175.428 107.785 169.779 173.333 0
180 169.695 106.645 157.714 172.747 121.729 158.229 166.675 188.13 98.1301 0
180 171.254 151.876 133.995 160.899 112.281 155.659 149.036 161.565 159.444 0
151.918 165.931 148.912 168.307 127.701 132.322 124.849 168.773 152.437 139.574 146.768 1
166.971 153.435 156.801 111.669 150.049 144.437 153.864 148.513 146.096 154.813 1
170.407 158.629 136.548 119.416 147.301 170.895 166.695 156.656 150.018 149.036 1
147.475 152.794 169.347 161.262 118.567 124.799 152.198 166.192 181.177 167.335 1
144.338 142.314 130.08 159.488 153.758 136.286 132.153 144.561 158.633 171.201 1
158.705 150.065 156.506 139.644 140.418 154.933 152.951 149.333 147.43 140.973 1
164.934 149.979 139.925 120.801 138.197 152.898 148.398 147.567 149.574 173.191 1
143.645 161.367 150.606 157.95 154.808 146.34 154.134 127.444 153.202 127.434 1
152.71 159.083 167.169 147.567 111.409 159.451 141.176 155.869 149.605 136.626 1
143.697 155.915 155.56 138.991 151.699 145.74 150.194 130.6 142.425 158.237 1
146.322 155.353 127.725 123.84 128.089 149.366 143.595 159.187 160.401 161.408 1
142.105 158.608 159.956 140.445 144.111 154.811 141.146 157.343 148.013 140.968 145.822 1
162.276 156.508 140.038 158.54 138.621 137.3 139.152 151.738 167.787 140.862 140.624 1
174.56 158.612 119.634 149.483 150.943 128.908 160.892 155.348 148.088 130.882 1
167.227 143.075 151.274 130.821 158.262 148.009 148.929 153.855 142.021 143.599 158.457 1
161.764 137.274 160.586 153.288 115.637 162.341 152.03 149.805 115.063 152.441 1
150.32 168.021 154.967 131.702 148.317 155.122 150.786 148.784 136.315 146.034 183.662 1
154.502 148.905 152.796 139.466 112.834 172.207 163.33 118.529 150.315 140.968 166.149 1
145.549 129.73 140.682 158.993 139.283 148.471 142.759 150.782 151.859 163.945 1
157.316 145.279 129.787 159.674 164.147 134.247 158.26 124.714 152.939 167.844 1
180 184.764 179.635 175.601 180 180 180 180 180 180 180 2
188.281 175.999 172.107 179.092 177.14 181.042 185.44 177.926 176.634 176.634 2
167.347 160.528 154.033 179.491 181.712 188.42 188.548 177.523 177.397 165.964 2
153.119 163.142 162.35 180 178.698 185.247 184.935 181.2 177.044 172.875 2
170.099 186.448 178.545 183.576 183.691 180.394 180.678 186.546 175.815 172.875 2
183.013 181.654 177.096 178.238 180 177.797 180.611 181.591 180 180 2
164.684 160.402 191.837 195.106 177.451 172.045 180.614 173.115 184.764 180 2
163.666 179.777 174.681 178.705 185.281 211.629 179.204 172.666 174.094 175.05 2
180 182.386 177.614 174.738 181.794 183.468 185.44 174.56 180 180 180 2
180 180 180 184.764 180 177.92 179.519 183.37 183.89 183.066 185.906 2
181.705 169.518 176.682 174.56 181.255 184.185 187.352 174.85 177.797 175.601 2
175.601 176.455 176.873 178.266 181.079 177.563 172.547 179.094 175.956 182.603 2
171.532 179.686 179.262 180.125 179.147 177.068 177.715 177.886 181.332 185.281 2
183.18 183.501 181.913 177.258 169.963 180 177.274 179.293 183.434 180 2
155.859 168.028 188.95 185.914 178.658 176.147 189.578 177.493 177.44 173.359 2
159.717 140.364 197.039 192.032 179.738 186.558 186.817 177.177 172.547 182.47 2
173.66 185.335 179.457 177.081 182.346 184.666 182.557 183.74 176.023 175.135 180 2
172.733 161.919 169.493 177.506 183.938 188.278 178.27 180.26 186.11 191.583 2
163.054 175.049 191.613 185.315 174.806 178.485 186.71 180 190.784 180.526 2
177.709 180 178.238 177.076 177.976 177.248 189.462 180 180 180 2
189.571 175.88 313.264 195.422 172.009 163.478 183.38 140.711 95.2901 171.408 179.401 3
183.921 192.664 292.787 194.369 167.822 157.87 172.942 143.561 100.557 183.986 182.065 3
169.242 171.104 306.87 199.876 172.013 174.844 168.403 95.8696 154.122 175.217 3
167.062 181.529 319.952 180.871 168.157 178.524 186.546 55.0894 183.885 175.759 182.155 3
168.779 316.502 191.257 172.956 167.291 71.834 174.046 190.217 185.745 173.937 3
185.465 195.659 307.35 176.949 181.06 188.078 156.219 92.3485 168.497 175.679 3
181.674 179.736 314.691 188.167 174.03 172.168 184.241 172.853 49.6045 179.282 3
167.23 184.08 208.413 292.011 184.084 172.046 162.593 63.7421 177.254 180.091 192.923 3
173.196 309.282 187.184 183.811 165.27 177.004 121.682 103.188 183.641 198.356 3
175.717 205.137 268.586 206.779 178.38 161.225 176.629 89.0326 159.387 178.616 3
183.457 182.172 308.063 198.619 170.427 146.447 181.286 82.5986 158.423 188.904 3
178.601 181.341 321.036 192.095 179.604 183.783 153.208 69.444 150.719 185.412 188.887 3
179.354 186.473 318.44 183.707 189.07 188.221 15.1671 174.604 183.534 182.726 3
169.688 178.491 216.829 281.751 192.845 186.846 152.956 46.9092 181.331 179.163 3
182.083 177.071 294.251 199.747 190.731 173.832 172.527 61.5704 172.53 185.998 3
176.041 192.59 292.913 189.518 181.658 173.24 183.635 83.3107 148.064 175.972 3
178.342 181.474 182.561 301.728 195.321 177.251 146.359 146.143 119.917 159.625 3
169.757 187.405 274.939 221.939 183.117 160.392 167.252 158.994 110.011 157.578 3
173.095 183.858 198.153 287.687 195.315 181.869 154.778 143.039 100.489 169.318 3
179.734 187.647 266.318 239.686 180.883 178.97 135.251 80.9968 170.183 178.941 3
180.102 175.1 179.229 170.893 136.528 155.668 125.72 165.002 158.12 166.696 4
175.03 170.038 174.375 157.404 139.161 153.435 169.977 162.717 157.718 170.269 4
163.142 153.8 168.254 165.445 152.235 151.832 158.199 166.608 173.168 178.423 156.801 4
166.545 167.699 156.73 143.688 149.979 143.344 153.175 168.736 170.197 173.919 4
165.926 170.741 157.771 143.455 159.444 135.781 150.617 164.448 177.756 176.152 4
163.484 170.53 173.486 157.738 150.576 132.037 146.61 172.225 169.011 181.548 4
185.857 205.631 201.06 226.009 214.612 201.777 188.437 182.897 180.128 179.685 188.666 4
161.565 171.085 167.32 157.286 171.18 172.875 171.87 147.529 160.346 179.31 4
168.226 154.072 166.666 150.504 148.135 152.07 159.091 162.678 168.603 164.255 4
175.848 169.063 162.495 151.287 153.339 153.427 159.037 150.67 163.785 178.038 4
167.094 156.214 154.829 132.787 115.546 171.244 171.673 161.315 171.854 179.697 174.144 4
169.212 178.519 176.473 149.427 148.256 167.421 158.607 123.858 162.634 167.697 162.495 4
165.988 159.006 160.302 173.658 145.222 163.736 138.046 139.665 160.751 194.116 4
165.606 181.739 184.133 174.596 151.822 113.47 166.682 158.158 146.819 147.99 4
177.154 176.1 176.223 149.832 102.529 159.146 172.925 170.524 170.284 156.953 4
175.876 173.306 155.019 153.435 127.875 152.7 166.519 153.116 170.982 174.047 4
173.253 168.981 158.612 108.907 144.462 169.891 174.505 168.483 145.422 141.691 145.008 4
166.705 167.085 160.741 159.075 142.607 141.977 162.892 167.588 163.866 168.559 165.964 4
168.8 167.392 146.909 146.004 163.74 152.479 163.936 157.789 170.693 164.122 4
175.541 174.028 163.316 154.556 157.543 155.784 146.171 151.538 171.829 168.895 4
139.566 96.0901 181.16 239.124 253.93 254.277 230.871 192.016 143.036 136.526 5
132.225 135.618 193.719 225.864 240.971 226.334 243.725 219.902 170.698 139.109 122.987 5
139.021 117.918 136.386 238.358 246.943 238.086 255.351 214.973 148.926 140.318 5
74.2479 174.531 225.151 235.079 226.601 233.776 251.579 200.488 146.58 126.87 147.242 5
116.98 132.23 215.605 230.337 254.497 249.989 212.081 177.559 155.28 133.73 5
75.44 168.015 213.928 220.71 276.24 220.155 271.369 174.622 126.921 123.929 5
105.639 147.431 205.202 247.349 238.345 228.778 275.315 169.193 116.18 155.686 148.216 5
71.6597 184.578 246.336 245.346 208.663 274.187 221.562 163.016 126.821 127.211 5
155.376 73.7556 167.93 273.54 241.928 218.08 229.613 260.574 155.835 120.696 5
69.3689 188.301 205.866 278.13 208.797 216.409 282.163 189.877 127.409 98.5266 162.255 5
127.531 106.837 198.697 227.057 259.043 222.893 211.312 253.158 190.016 155.761 5
118.278 113.776 203.371 233.896 227.628 244.44 223.531 224.921 195.461 151.344 5
132.194 97.1357 213.424 257.905 230.423 221.465 258.975 200.105 162.9 110.91 141.229 5
127.757 105.626 209.727 262.523 218.479 243.789 245.321 187.302 148.532 129.513 5
63.1614 200.46 231.926 228.826 220.604 230.594 246.996 194.229 146.882 124.526 5
119.467 112.001 200.863 240.608 232.283 223.86 267.486 227.048 137.799 126.276 5
134.724 96.3831 138.912 241.939 239.345 233.232 258.65 232.224 175.09 133.761 5
115.393 117.384 180.403 252.917 220.892 280.28 222.938 198.976 152.777 150.691 5
112.308 119.983 202.033 246.688 242.026 229.289 226.398 239.42 181.47 102.248 5
83.0596 166.573 232.02 215.96 229.558 243.334 230.466 236.718 178.722 127.144 5
184.035 156.809 67.3354 162.822 197.784 237.388 207.141 202.519 196.847 188.067 6
179.504 149.472 96.7959 148.367 194.751 229.024 213.156 204.449 199.2 186.446 6
170.369 133.558 110.415 159.713 195.561 210.253 216.439 208.686 208.171 191.87 6
178.035 152.587 118.203 135.781 181.531 206.207 228.395 222.003 193.907 183.08 186.491 6
170.428 117.962 120.774 167.661 204.814 226.386 196.526 196.31 208.62 194.683 6
166.26 171.097 107.483 126.057 180.755 211.972 226.806 219 201.559 183.851 6
181.526 170.167 99.4173 134.467 181.123 210.651 220.059 221.377 200.652 188.927 6
169.849 128.859 106.015 171.347 192.837 213 233.82 212.378 193.631 182.936 6
167.994 160.354 106.87 128.988 174.836 213.927 247.016 212.789 198.793 188.907 6
171.765 159.444 75.0378 167.325 192.612 204.753 217.589 228.965 198.953 180.129 6
166.201 95.4323 127.017 172.296 185.876 206.172 213.221 229.381 204.648 199.35 191.777 6
173.204 153.192 113.375 133.212 172.811 222.691 224.151 223.138 189.606 187.675 201.764 6
166.159 144.442 126.87 125.223 178.44 229.84 216.726 213.979 200.941 192.002 6
172.094 161.334 113.045 121.058 171.163 206.424 214.024 218.819 214.931 198.283 190.098 6
173.961 159.411 130.14 99.9118 169.201 193.512 227.777 237.006 203.385 188.82 6
158.17 138.076 97.0311 159.187 187.741 215.063 248.839 206.713 189.183 191.422 6
179.154 159.542 131.039 99.9506 167.973 188.075 251.705 222.28 196.475 190.623 182.532 6
173.099 155.371 93.7626 145.268 167.242 197.65 234.996 213.299 224.073 201.235 6
159.993 159.414 106.353 124.162 183.553 221.693 235.69 218.878 194.44 188.71 6
157.529 130.121 136.685 146.233 160.286 206.45 220.601 225 205.56 196.074 6
176.404 178.665 176.851 116.194 130.768 185.57 193.283 77.6806 162.784 165.234 154.526 7
177.659 175.42 171.87 71.565 177.668 187.95 61.8394 166.562 181.732 175.589 7
178.059 179.679 149.603 96.5163 170.165 183.705 72.7712 159.301 180.494 141.261 7
181.323 179.564 170.375 71.3404 177.361 187.282 112.147 126.195 160.578 180.612 7
211.137 182.034 181.851 104.676 115.244 181.733 183.133 85.8151 138.906 160.748 7
168.867 171.924 67.8337 168.12 189.374 185.232 87.6386 138.226 167.757 164.198 7
177.335 184.309 181.219 47.4896 169.814 176.136 63.6852 174.094 189.494 172.3 7
176.372 171.208 95.2471 152.764 178.566 184.554 60.4427 159.278 185.433 199.564 7
198.222 214.661 192.908 186.578 45.3784 170.73 177.972 103.441 159.055 149.097 7
189.136 184.846 174.422 55.2512 189.861 170.692 113.525 147.859 150.485 159.904 7
185.935 170.601 169.695 76.5316 166.393 191.138 191.641 69.9747 157.479 156.484 7
184.987 176.965 165.609 79.848 167.599 183.161 181.216 57.8276 172.055 182.393 7
183.22 179.524 64.7509 178.402 175.358 167.338 64.7402 187.524 180.114 162.752 7
182.953 170.505 57.3025 184.275 190.7 164.672 119.302 144.617 172.347 165.295 169.695 7
180.275 175.673 76.6711 175.122 170.593 158.171 82.1218 172.956 184.043 152.829 7
172.406 160.885 89.6234 168.596 187.069 93.3899 152.977 163.564 176.762 162.059 7
182.689 177.51 111.801 136.106 176.409 181.028 101.085 139.789 174.666 162.194 7
176.722 183.432 173.565 63.4784 183.397 176.422 125.789 122.079 174.894 163.965 7
186.116 177.195 89.2465 153.297 170.816 198.435 56.8215 163.657 173.33 167.476 7
172.273 133.264 106.699 171.29 175.742 131.269 98.6157 159.29 187.196 155.844 164.055 7
286.253 81.3444 124.689 249.312 61.0678 143.765 249.071 41.5957 260.793 130.368 8
272.966 32.7529 227.725 163.094 87.9653 230.135 20.6734 235.812 213.476 55.6881 8
253.44 98.5959 123.003 265.674 34.1082 212.569 153.974 57.0251 292.599 43.1142 228.881 8
249.898 43.2284 188.311 220.982 44.4591 199.836 126.783 131.796 270.078 37.2895 8
285.81 40.3726 209.4 206.602 36.7368 239.115 21.8842 266.657 106.488 147.574 8
277.469 32.9072 182.635 236.505 29.9666 237.56 151.438 46.1974 280.274 48.3646 8
268.093 203.171 31.3964 255.651 36.4002 232.579 101.94 87.1906 305.913 43.3294 8
283.923 33.5909 254.226 172.251 39.7092 238.033 29.5574 186.835 207.233 108.059 214.283 8
272.383 48.0898 233.119 151.368 63.3554 247.544 31.587 183.756 259.188 52.746 8
275.553 57.3722 169.698 249.723 32.954 227.582 25.7617 166.806 284.796 67.6342 8
279.405 26.8904 177.081 235.829 26.1209 262.332 22.6977 259.678 194.806 51.0453 8
292.902 51.2088 142.884 248.561 27.9433 249.577 22.4743 237.037 212.862 29.7486 8
249.698 214.269 24.3217 225.093 161.176 61.9365 249.005 17.8163 289.489 28.9738 8
188.76 245.579 18.1815 278.542 136.892 86.9403 233.89 25.19 233.364 110.193 8
237.515 38.1681 268.929 69.9439 167.087 209.475 33.9142 276.206 49.7909 178.143 8
255.387 130.102 71.477 261.457 140.682 82.743 243.571 18.5229 287.796 29.9883 8
263.243 17.6443 264.344 22.5383 195.785 225.307 17.4009 233.661 247.529 21.0116 8
264.579 202.289 24.3607 248.771 14.8139 205.547 236.269 27.703 291.599 21.7249 8
285.396 28.6591 197.743 228.759 20.9031 254.567 179.636 30.8556 280.828 25.7692 8
235.021 213.875 20.6606 262.096 143.405 74.3806 234.161 35.5316 245.633 87.1528 210.918 8
101.535 87.0082 133.785 137.192 99.7667 167.531 121.994 136.219 99.946 159.461 9
101.336 66.5554 138.56 124.721 121.554 177.189 106.228 151.777 101.391 133.453 141.416 9
100.218 71.162 155.655 105.12 105.793 171.135 108.919 134.188 124.107 125.739 146.55 9
101.685 96.7633 116.266 139.936 106.532 177.88 89.3644 130.258 144.68 118.868 9
119.324 90.4362 110.256 155.565 85.0507 188.692 100.128 148.36 103.469 118.113 9
106.143 88.0306 125.238 123.131 102 177.148 118.048 126.159 88.063 128.304 159.59 9
88.8443 83.6598 127.875 112.973 124.576 173.997 102.34 142.332 101.35 139.958 9
85.7001 76.8972 113.412 81.5014 181.816 119.729 137.126 103.466 161.328 116.575 9
76.7046 102.562 120.203 128.28 115.647 173.066 106.139 142.706 119.877 118.213 136.789 9
95.5079 108.345 100.905 132.482 124.532 119.269 147.507 117.273 139.03 119.937 9
74.7418 108.351 123.487 101.574 137.471 157.865 107.904 122.925 137.302 123.257 9
133.639 73.3021 116.661 131.19 93.4109 152.966 115.953 140.036 136.664 114.842 9
86.8521 95.3371 127.723 131.251 117.354 164.01 105.215 105.06 152.918 109.093 167.833 9
88.3397 100.751 125.021 115.193 117.607 162.637 156.994 111.882 116.933 113.968 9
118.746 90.8722 119.289 109.99 102.415 152.202 145.454 123.541 131.247 120.743 133.899 9
93.622 92.544 113.483 95.3964 131.119 139.362 121.866 134.15 112.772 153.806 9
111.943 92.8222 87.3038 111.72 127.05 137.426 121.463 126.122 121.029 149.967 157.024 9
166.071 81.1131 108.568 108.463 115.193 116.537 141.241 107.978 116.272 123.678 9
150.178 73.8912 116.105 116.056 108.017 137.752 142.781 106.542 127.052 126.279 9
79.242 74.2914 125.362 93.7314 154.147 133.111 132.621 141.21 103.49 168.406 163.234 9