0.507849 0.495231 0.510495 0.436086 0.28899 0.490218 0.496549 0.5 0.305608 0.476823 0.508602 0.489812 0.482388 0.343584 0.406416 0.508833 0.491167 0.455707 0.505303 0.41399 1 0 0 0 0 0 0 0 0 0
0.494553 0.502273 0.495601 0.383779 0.365757 0.491631 0.490915 0.49528 0.513805 0.258369 0.488095 0.509428 0.494108 0.5 0.375 0.354178 0.52759 0.511515 0.481717 0.5 1 0 0 0 0 0 0 0 0 0
0.476823 0.495003 0.493372 0.477416 0.292375 0.457625 0.509707 0.512876 0.508369 0.344048 0.381178 0.50353 0.534691 0.478185 0.526284 0.213121 0.50045 0.510145 0.508833 0.491167 1 0 0 0 0 0 0 0 0 0
0.510039 0.512345 0.478876 0.491167 0.255892 0.49695 0.503277 0.493882 0.5 0.25 0.5 0.514429 0.504209 0.481362 0.286096 0.467785 0.503876 0.499158 0.510072 0.483012 1 0 0 0 0 0 0 0 0 0
0.459256 0.482195 0.494108 0.5 0.5 0.244108 0.501759 0.500747 0.509504 0.467597 0.276284 0.495454 0.5148 0.524548 0.231604 0.493326 0.490268 0.5 0.512219 0.519198 1 0 0 0 0 0 0 0 0 0
0.493976 0.490497 0.485571 0.513232 0.486768 0.24558 0.508607 0.504985 0.501423 0.489405 0.255486 0.480404 0.532393 0.506012 0.475705 0.256628 0.496832 0.502222 0.503952 0.490366 1 0 0 0 0 0 0 0 0 0
0.494697 0.49773 0.525185 0.495621 0.50263 0.484137 0.236768 0.503881 0.509351 0.5 0.5 0.284802 0.475452 0.501965 0.506979 0.480802 0.238086 0.528782 0.498486 0.493015 1 0 0 0 0 0 0 0 0 0
0.483567 0.511119 0.49766 0.516406 0.46101 0.25 0.511989 0.515416 0.472595 0.515863 0.256721 0.491423 0.490673 0.502893 0.492427 0.267612 0.494607 0.494409 0.493372 0.426208 1 0 0 0 0 0 0 0 0 0
0.514319 0.486305 0.511855 0.491327 0.240339 0.499504 0.50525 0.490831 0.515102 0.180153 0.513513 0.534904 0.534208 0.429594 0.295905 0.501309 0.499348 0.498545 0.493882 0.468584 1 0 0 0 0 0 0 0 0 0
0.479666 0.50197 0.490649 0.480208 0.46101 0.298924 0.478298 0.511768 0.5 0.5 0.296387 0.458585 0.499108 0.49592 0.473716 0.276284 0.509934 0.4997 0.497595 0.492771 1 0 0 0 0 0 0 0 0 0
00.442831 0.46615 0.45821 0.463517 0.4429 0.461599 0.426208 0.459906 0.44538 0.443275 0.437059 0.424857 0.441204 0.476135 0.456534 0.466858 0.441876 0.447778 0.470061 0.482085 0 1 0 0 0 0 0 0 0 0
0.467387 0.447866 0.448478 0.458282 0.454648 0.42775 0.433822 0.452492 0.442299 0.4429 0.47109 0.430669 0.450657 0.459104 0.435021 0.404143 0.455707 0.472524 0.495797 0.482388 0 1 0 0 0 0 0 0 0 0
0.466403 0.441775 0.469882 0.458964 0.470905 0.442071 0.418835 0.44144 0.455362 0.452646 0.474405 0.435956 0.446356 0.462024 0.44928 0.439893 0.442254 0.456549 0.462597 0.486195 0 1 0 0 0 0 0 0 0 0
0.476654 0.435712 0.423218 0.469037 0.458193 0.451968 0.464065 0.473535 0.457412 0.43082 0.429997 0.447451 0.435109 0.455055 0.466122 0.445535 0.46016 0.471142 0.493786 0.469435 0 1 0 0 0 0 0 0 0 0
0.482878 0.443331 0.454095 0.438658 0.469213 0.456828 0.475499 0.431924 0.420493 0.462024 0.45689 0.457802 0.431377 0.46449 0.468584 0.447738 0.435736 0.434955 0.438063 0.447432 0 1 0 0 0 0 0 0 0 0
0.47561 0.456942 0.434363 0.454008 0.463831 0.465657 0.442963 0.468857 0.454684 0.409221 0.433603 0.470603 0.45744 0.436758 0.457749 0.456835 0.453924 0.426612 0.446873 0.476592 0 1 0 0 0 0 0 0 0 0
0.486164 0.444328 0.469532 0.470207 0.456365 0.413069 0.473555 0.435041 0.446368 0.464239 0.466285 0.439779 0.420469 0.473359 0.47039 0.438282 0.41212 0.43455 0.465542 0.496588 0 1 0 0 0 0 0 0 0 0
0.468584 0.424231 0.465198 0.478656 0.465961 0.415954 0.417375 0.469843 0.47294 0.471585 0.474437 0.420017 0.43022 0.461668 0.447756 0.435889 0.428054 0.465859 0.48475 0.484875 0 1 0 0 0 0 0 0 0 0
0.45135 0.447324 0.461896 0.457161 0.443426 0.469592 0.462965 0.441152 0.431894 0.443575 0.466403 0.436803 0.424087 0.454123 0.44382 0.427083 0.457269 0.47843 0.481653 0.479357 0 1 0 0 0 0 0 0 0 0
0.456427 0.443809 0.456137 0.453282 0.465063 0.437626 0.446725 0.43492 0.443696 0.451216 0.483491 0.443213 0.433737 0.445091 0.461835 0.459253 0.417648 0.446066 0.463202 0.491631 0 1 0 0 0 0 0 0 0 0
0.495401 0.477377 0.500938 0.493413 0.504027 0.497806 0.503135 0.503343 0.494656 0.490915 0.5 0.5 0.511349 0.488651 0.5 0.5 0.5 0.5 0.5 0.5 0 0 1 0 0 0 0 0 0 0
0.495757 0.490438 0.49174 0.50826 0.49156 0.506691 0.497824 0.500118 0.498734 0.487461 0.507397 0.492603 0.5 0.5 0.5 0.5 0.519792 0.480208 0.5 0.5 0 0 1 0 0 0 0 0 0 0
0.5 0.493988 0.489412 0.492305 0.490649 0.503865 0.498257 0.507229 0.518638 0.510861 0.492316 0.490404 0.493673 0.508537 0.495505 0.509857 0.494637 0.524561 0.46101 0.75 0 0 1 0 0 0 0 0 0 0
0.489709 0.506279 0.486249 0.496626 0.491737 0.497441 0.490392 0.497922 0.503148 0.500736 0.497452 0.511032 0.484888 0.5 0.519198 0.490736 0.519565 0.487193 0.483308 0.5 0 0 1 0 0 0 0 0 0 0
0.521096 0.496515 0.495621 0.499473 0.492781 0.510377 0.504892 0.496857 0.499376 0.495231 0.500487 0.502407 0.492461 0.503022 0.489405 0.5 0.5 0.5 0.5 0.5 0 0 1 0 0 0 0 0 0 0
0.481061 0.510421 0.490407 0.510584 0.502223 0.504265 0.491687 0.503692 0.494388 0.490274 0.502887 0.483308 0.515112 0.484888 0.490649 0.48956 0.519792 0.486768 0.513232 0.5 0 0 1 0 0 0 0 0 0 0
0.534802 0.523635 0.480552 0.5 0.494607 0.499298 0.49339 0.503215 0.489509 0.49276 0.505844 0.490339 0.496595 0.506049 0.501624 0.487781 0.508833 0.491167 0.5 0.5 0 0 1 0 0 0 0 0 0 0
0.49532 0.483012 0.505363 0.504141 0.498651 0.4957 0.497071 0.495605 0.50126 0.487781 0.506363 0.490322 0.496688 0.499055 0.499622 0.502819 0.489269 0.515863 0.5 0.5 0 0 1 0 0 0 0 0 0 0
0.499149 0.487718 0.492676 0.496992 0.49687 0.497922 0.497256 0.5 0.5 0.510959 0.50039 0.506934 0.49055 0.508779 0.493737 0.488651 0.5 0.5 0.5 0.5 0 0 1 0 0 0 0 0 0 0
0.495834 0.49037 0.496025 0.496048 0.494318 0.512705 0.500527 0.500572 0.494146 0.502644 0.50321 0.501307 0.505984 0.478904 0.513232 0.486768 0.5 0.5 0.5 0.5 0 0 1 0 0 0 0 0 0 0
0.519008 0.503617 0.483151 0.505475 0.546747 0.83171 0.539989 0.504984 0.494294 0.484826 0.480208 0.525451 0.486768 0.47017 0.0781711 0.528501 0.512379 0.520024 0.512369 0.522584 0 0 0 1 0 0 0 0 0 0
0.498397 0.499197 0.502293 0.499893 0.503493 0.82104 0.575011 0.518038 0.489434 0.472273 0.475447 0.498573 0.517612 0.485571 0.0749884 0.535298 0.518548 0.504913 0.505682 0.5 0 0 0 1 0 0 0 0 0 0
0.490366 0.488515 0.495622 0.515863 0.5 0.625 0.771252 0.525945 0.49272 0.477315 0.494623 0.500363 0.482295 0.536902 0.0330241 0.52157 0.523942 0.508768 0.500793 0.53177 0 0 0 1 0 0 0 0 0 0
0.503459 0.494865 0.493081 0.508595 0.513232 0.736768 0.621752 0.526374 0.500676 0.49878 0.501835 0.49459 0.505553 0.487658 0.112781 0.461746 0.518273 0.50675 0.505475 0.534042 0 0 0 1 0 0 0 0 0 0
0.507733 0.497849 0.483733 0.510148 0.506118 0.78899 0.58601 0.537853 0.515566 0.498803 0.487267 0.486796 0.5 0.473716 0.0928885 0.515845 0.504712 0.50096 0.499636 0.510959 0 0 0 1 0 0 0 0 0 0
0.495896 0.492053 0.497476 0.491784 0.520542 0.813611 0.558759 0.536999 0.5138 0.479176 0.476107 0.50327 0.495028 0.0561802 0.529206 0.513742 0.504724 0.509218 0.494318 0.484137 0 0 0 1 0 0 0 0 0 0
0.5 0.50866 0.498956 0.48585 0.510835 0.75 0.593584 0.562833 0.518872 0.498812 0.477184 0.480343 0.493372 0.125 0.465484 0.525243 0.514577 0.511388 0.503951 0.505641 0 0 0 1 0 0 0 0 0 0
0.504247 0.495588 0.497985 0.522584 0.704833 0.640011 0.537437 0.516128 0.515662 0.482802 0.463913 0.477202 0.0959783 0.520867 0.508155 0.514429 0.5 0.519792 0.5 0.480208 0 0 0 1 0 0 0 0 0 0
0.509251 0.503821 0.5 0.492931 0.507573 0.575052 0.687167 0.592332 0.536573 0.524014 0.509179 0.487691 0.455419 0.426208 0.189959 0.469285 0.509746 0.52034 0.514142 0.546529 0 0 0 1 0 0 0 0 0 0
0.495847 0.497129 0.498191 0.478904 0.771096 0.594888 0.535794 0.531197 0.511504 0.494382 0.486734 0.452889 0.466403 0.159802 0.492998 0.515457 0.507951 0.511625 0.49897 0.489405 0 0 0 1 0 0 0 0 0 0
0.481537 0.483043 0.467194 0.472369 0.482388 0.479498 0.454456 0.464532 0.452734 0.479912 0.405816 0.410775 0.453084 0.467515 0.485974 0.505845 0.497938 0.487724 0.458079 0.466976 0 0 0 0 1 0 0 0 0 0
0.496912 0.487042 0.477338 0.469607 0.465952 0.457052 0.438427 0.436573 0.45503 0.459829 0.418423 0.470718 0.460429 0.482035 0.452328 0.489635 0.504473 0.510713 0.510291 0.462304 0 0 0 0 1 0 0 0 0 0
0.480208 0.491631 0.491229 0.47815 0.498616 0.469374 0.468584 0.440215 0.434785 0.426208 0.467163 0.47067 0.443616 0.475268 0.489808 0.487708 0.482088 0.484888 0.46101 0.53899 0 0 0 0 1 0 0 0 0 0
0.512219 0.487781 0.471375 0.485502 0.501646 0.477776 0.458492 0.448792 0.463517 0.401424 0.391552 0.477416 0.474729 0.483874 0.493047 0.499482 0.487238 0.484137 0.5 0.375 0 0 0 0 1 0 0 0 0 0
0.503617 0.483012 0.494404 0.495587 0.46778 0.473206 0.47512 0.468902 0.43855 0.47753 0.444491 0.457625 0.468584 0.442429 0.461393 0.468353 0.470624 0.485814 0.481946 0.388232 0 0 0 0 1 0 0 0 0 0
0.478904 0.482388 0.495028 0.490268 0.492258 0.48885 0.484646 0.459174 0.443399 0.387705 0.430783 0.486364 0.476186 0.463658 0.48146 0.480208 0.473487 0.484137 0.451318 0.47489 0 0 0 0 1 0 0 0 0 0
0.48767 0.49968 0.495198 0.468584 0.475076 0.469659 0.474161 0.44832 0.452191 0.471306 0.466563 0.419459 0.443133 0.46454 0.4749 0.49326 0.473716 0.468584 0.462597 0.495028 0 0 0 0 1 0 0 0 0 0
0.483091 0.495813 0.489746 0.459046 0.493279 0.47638 0.456549 0.417375 0.428126 0.432299 0.475901 0.464883 0.47642 0.474967 0.485268 0.486454 0.473957 0.479852 0.462937 0.566562 0 0 0 0 1 0 0 0 0 0
0.476657 0.494568 0.475981 0.484923 0.466375 0.474316 0.437167 0.469249 0.423935 0.464204 0.478028 0.465792 0.45883 0.47017 0.480477 0.491577 0.478087 0.488286 0.440274 0.297508 0 0 0 0 1 0 0 0 0 0
0.5 0.504187 0.495813 0.482388 0.476135 0.461446 0.460922 0.429668 0.415146 0.468786 0.478973 0.437107 0.463221 0.476303 0.490859 0.497022 0.471958 0.490066 0.46101 0.41399 0 0 0 0 1 0 0 0 0 0
0.475236 0.421563 0.43424 0.347904 0.463669 0.55618 0.5896 0.590987 0.643914 0.588474 0.569834 0.619607 0.611195 0.531416 0.473716 0.475076 0.456165 0.449401 0.3665 0.440239 0 0 0 0 0 1 0 0 0 0
0.471512 0.377027 0.428336 0.391929 0.508044 0.569705 0.577658 0.653606 0.562662 0.605107 0.571969 0.586937 0.611242 0.561568 0.460141 0.432701 0.447271 0.433728 0.456091 0.373847 0 0 0 0 0 1 0 0 0 0
0.434206 0.395282 0.3678 0.435598 0.524237 0.583219 0.620072 0.588071 0.618919 0.565701 0.56275 0.640863 0.617427 0.527721 0.526873 0.440274 0.39785 0.426428 0.389559 0.431097 0 0 0 0 0 1 0 0 0 0
0.411783 0.407808 0.383833 0.429 0.509351 0.582608 0.567465 0.628651 0.611017 0.569491 0.585141 0.652641 0.578781 0.540067 0.490401 0.425553 0.43118 0.432195 0.448919 0.418508 0 0 0 0 0 1 0 0 0 0
0.440943 0.425305 0.367346 0.403625 0.504726 0.59399 0.600076 0.618085 0.58954 0.573792 0.575972 0.613113 0.589225 0.574625 0.510796 0.468503 0.412633 0.428549 0.412938 0.426522 0 0 0 0 0 1 0 0 0 0
0.428558 0.42103 0.390517 0.427191 0.49615 0.621211 0.593986 0.567587 0.651793 0.56003 0.57021 0.623159 0.592938 0.555639 0.468955 0.436827 0.455442 0.434979 0.393527 0.467824 0 0 0 0 0 1 0 0 0 0
0.412909 0.420746 0.378739 0.420203 0.498854 0.601142 0.580241 0.590198 0.616352 0.572444 0.600828 0.595255 0.544122 0.55981 0.53088 0.4975 0.426887 0.434308 0.395068 0.450789 0 0 0 0 0 1 0 0 0 0
0.4461 0.332175 0.397498 0.456633 0.52822 0.572877 0.591976 0.647065 0.597284 0.550893 0.560472 0.653942 0.572725 0.560672 0.484814 0.426482 0.465799 0.478452 0.431489 0.36766 0 0 0 0 0 1 0 0 0 0
0.409267 0.385639 0.383369 0.437833 0.514659 0.564376 0.600559 0.660373 0.587566 0.541569 0.614161 0.642893 0.553321 0.542041 0.503881 0.448792 0.412976 0.421726 0.425869 0.466846 0 0 0 0 0 1 0 0 0 0
0.395141 0.383776 0.371007 0.454079 0.508207 0.574652 0.614346 0.629972 0.598438 0.548738 0.60974 0.595501 0.566562 0.588549 0.514181 0.418506 0.433771 0.401895 0.409818 0.45152 0 0 0 0 0 1 0 0 0 0
0.478904 0.460537 0.486768 0.466403 0.383673 0.442299 0.380966 0.486461 0.503301 0.51668 0.578928 0.538795 0.548868 0.611768 0.549086 0.52344 0.525181 0.502829 0.500683 0.514429 0 0 0 0 0 0 1 0 0 0
0.426208 0.474378 0.490635 0.481439 0.436703 0.418054 0.410816 0.412976 0.480636 0.529729 0.544908 0.562354 0.545819 0.597788 0.550338 0.532973 0.548618 0.50442 0.521096 0.478904 0 0 0 0 0 0 1 0 0 0
0.508369 0.485739 0.463053 0.469048 0.409802 0.331365 0.421529 0.484888 0.5 0.519792 0.554 0.56632 0.536096 0.582625 0.524764 0.540195 0.531685 0.534248 0.52623 0.510254 0 0 0 0 0 0 1 0 0 0
0.459232 0.491833 0.488375 0.440423 0.383369 0.4429 0.389725 0.475813 0.5 0.51867 0.543347 0.59813 0.562833 0.552629 0.540954 0.546726 0.541072 0.505785 0.502273 0.529143 0 0 0 0 0 0 1 0 0 0
0.496997 0.483696 0.462304 0.406416 0.375 0.409802 0.47109 0.514862 0.518969 0.55168 0.55618 0.537976 0.579795 0.549605 0.546034 0.515737 0.530586 0.536655 0.504821 0.5 0 0 0 0 0 0 1 0 0 0
0.496705 0.505568 0.477935 0.480208 0.370028 0.388805 0.433781 0.487295 0.502538 0.525178 0.554594 0.558781 0.593584 0.562833 0.541476 0.527344 0.530497 0.515749 0.5 0.509934 0 0 0 0 0 0 1 0 0 0
0.50826 0.50153 0.470808 0.424231 0.427222 0.373117 0.441143 0.484849 0.520284 0.549948 0.566219 0.592163 0.562668 0.535807 0.53285 0.515918 0.522813 0.523127 0.509971 0.505892 0 0 0 0 0 0 1 0 0 0
0.495265 0.468998 0.45503 0.394792 0.375 0.43726 0.503958 0.53899 0.563197 0.54857 0.506317 0.549291 0.504011 0.561002 0.537403 0.540768 0.520148 0.520885 0.479115 0.419293 0 0 0 0 0 0 1 0 0 0
0.480599 0.484329 0.4375 0.384351 0.426208 0.426208 0.479133 0.482891 0.535635 0.552724 0.567244 0.558581 0.552083 0.534359 0.561142 0.523992 0.514998 0.502332 0.501054 0.531416 0 0 0 0 0 0 1 0 0 0
0.480573 0.462857 0.462523 0.423731 0.380733 0.437167 0.459386 0.493106 0.511411 0.544047 0.565841 0.531416 0.564084 0.570113 0.538395 0.537623 0.530078 0.508403 0.513523 0.507573 0 0 0 0 0 0 1 0 0 0
0.513232 0.505286 0.491214 0.512566 0.48546 0.449867 0.366167 0.333025 0.517325 0.502067 0.487781 0.503386 0.258833 0.422279 0.486317 0.487303 0.491977 0.478755 0.443928 0.490649 0 0 0 0 0 0 0 1 0 0
0.523814 0.498167 0.504377 0.476273 0.485827 0.495089 0.282316 0.400525 0.5031 0.518703 0.5161 0.515581 0.445916 0.217847 0.47129 0.507674 0.505682 0.485571 0.469584 0.462221 0 0 0 0 0 0 0 1 0 0
0.496771 0.506402 0.511859 0.496659 0.509878 0.474549 0.193987 0.491476 0.48534 0.518638 0.5 0.5 0.352416 0.354133 0.458508 0.498932 0.502728 0.475894 0.482388 0.551208 0 0 0 0 0 0 0 1 0 0
0.505303 0.505393 0.507913 0.5031 0.494784 0.46724 0.246119 0.439441 0.491775 0.496006 0.516197 0.511134 0.484888 0.16399 0.490509 0.509491 0.516722 0.45364 0.433549 0.5571 0 0 0 0 0 0 0 1 0 0
0.487153 0.509374 0.510418 0.489582 0.485929 0.390192 0.252876 0.516391 0.513554 0.514106 0.487308 0.457247 0.206823 0.465198 0.499406 0.507899 0.500268 0.5 0.521163 0.459046 0 0 0 0 0 0 0 1 0 0
0.505174 0.493448 0.492545 0.480208 0.519792 0.202492 0.473716 0.505132 0.503952 0.490915 0.515863 0.484137 0.323792 0.412403 0.447834 0.496294 0.486534 0.486768 0.49766 0.491327 0 0 0 0 0 0 0 1 0 0
0.5 0.506256 0.482785 0.491167 0.513513 0.451685 0.21101 0.478904 0.512502 0.503462 0.505132 0.511349 0.508443 0.188732 0.440568 0.50602 0.515415 0.515033 0.480917 0.458524 0 0 0 0 0 0 0 1 0 0
0.492791 0.493404 0.502905 0.506254 0.489921 0.321529 0.375925 0.488624 0.496022 0.52157 0.501014 0.519792 0.227416 0.402716 0.477416 0.509145 0.509964 0.492746 0.494637 0.468584 0 0 0 0 0 0 0 1 0 0
0.495221 0.50303 0.492088 0.504267 0.501294 0.444112 0.229932 0.478506 0.507353 0.488987 0.513805 0.5 0.522584 0.239635 0.416056 0.495407 0.497936 0.480787 0.480168 0.523843 0 0 0 0 0 0 0 1 0 0
0.508975 0.494814 0.485528 0.498876 0.472224 0.463451 0.317299 0.411096 0.49532 0.496752 0.503248 0.5 0.5 0.294293 0.39007 0.472054 0.502393 0.512036 0.480439 0.473716 0 0 0 0 0 0 0 1 0 0
0.594752 0.630596 0.421487 0.118085 0.551208 0.637219 0.59517 0.425301 0.161281 0.450821 0.703295 0.482379 0.108975 0.422781 0.758897 0.546552 0.131992 0.447277 0.679268 0.513232 0 0 0 0 0 0 0 0 1 0
0.527414 0.667067 0.371544 0.177151 0.65017 0.637876 0.492055 0.216139 0.364274 0.550799 0.644754 0.468188 0.0994045 0.447105 0.79559 0.527369 0.0898621 0.484411 0.659275 0.524343 0 0 0 0 0 0 0 0 1 0
0.502287 0.708653 0.460895 0.0937773 0.483594 0.722054 0.548738 0.431194 0.147125 0.470226 0.75302 0.442071 0.102416 0.482266 0.534425 0.750448 0.16101 0.422958 0.637742 0.530674 0 0 0 0 0 0 0 0 1 0
0.524997 0.692102 0.469155 0.0811535 0.488592 0.571968 0.663573 0.46984 0.115626 0.469467 0.798305 0.42876 0.50146 0.100304 0.567071 0.696117 0.196494 0.382115 0.668933 0.501488 0 0 0 0 0 0 0 0 1 0
0.50522 0.689441 0.476286 0.0817673 0.53899 0.647584 0.55634 0.470104 0.494607 0.135365 0.47193 0.752694 0.462933 0.25087 0.329514 0.562905 0.698586 0.115655 0.561686 0.588316 0 0 0 0 0 0 0 0 1 0
0.472937 0.732247 0.433265 0.139609 0.485102 0.547399 0.679384 0.499741 0.117458 0.448374 0.748128 0.473229 0.504187 0.0705878 0.505414 0.736251 0.29036 0.292559 0.694783 0.518638 0 0 0 0 0 0 0 0 1 0
0.539551 0.660718 0.441698 0.123794 0.586885 0.620425 0.566007 0.484901 0.0993687 0.455691 0.727841 0.474791 0.107447 0.450296 0.772236 0.502682 0.11947 0.468426 0.6901 0.521304 0 0 0 0 0 0 0 0 1 0
0.585483 0.650114 0.421242 0.145596 0.515939 0.622823 0.578176 0.472712 0.115462 0.484591 0.715809 0.490103 0.223084 0.355198 0.605615 0.628986 0.125601 0.46106 0.696436 0.519501 0 0 0 0 0 0 0 0 1 0
0.512846 0.724846 0.256676 0.326828 0.501818 0.65676 0.501965 0.248035 0.318399 0.623604 0.634073 0.475418 0.080647 0.492094 0.708882 0.533846 0.122096 0.420743 0.729983 0.537219 0 0 0 0 0 0 0 0 1 0
0.605085 0.631856 0.327285 0.248008 0.502824 0.705355 0.486654 0.263033 0.331131 0.648255 0.543063 0.443133 0.120669 0.519056 0.758242 0.480734 0.119233 0.472708 0.71969 0.481355 0 0 0 0 0 0 0 0 1 0
0.292578 0.435055 0.299454 0.424703 0.422581 0.328507 0.461771 0.325425 0.475783 0.483297 0.414795 0.354778 0.494725 0.263821 0.463659 0.520804 0.376998 0.387095 0.460477 0.505363 0 0 0 0 0 0 0 0 0 1
0.437957 0.325794 0.31727 0.415976 0.290597 0.462406 0.483594 0.32288 0.460218 0.482653 0.377142 0.408161 0.474703 0.459957 0.28146 0.503444 0.436821 0.350408 0.458199 0.522943 0 0 0 0 0 0 0 0 0 1
0.246055 0.333778 0.374053 0.281104 0.479722 0.354109 0.405211 0.503386 0.507951 0.293257 0.450664 0.498128 0.369108 0.385713 0.486954 0.502107 0.313218 0.440935 0.498904 0.494691 0 0 0 0 0 0 0 0 0 1
0.252597 0.333082 0.380017 0.289275 0.480732 0.470401 0.2832 0.511368 0.503532 0.458394 0.28843 0.477137 0.275046 0.474758 0.50442 0.473716 0.293896 0.4848 0.50694 0.490649 0 0 0 0 0 0 0 0 0 1
0.31238 0.375616 0.28708 0.352416 0.399924 0.49043 0.281898 0.478579 0.496752 0.381915 0.370852 0.4921 0.43857 0.305214 0.511349 0.459046 0.310346 0.486358 0.49425 0.489405 0 0 0 0 0 0 0 0 0 1
0.231098 0.48495 0.23081 0.47714 0.331365 0.445406 0.495231 0.297553 0.469435 0.505892 0.455118 0.318489 0.485151 0.490538 0.384241 0.371657 0.471682 0.476858 0.304343 0.477661 0 0 0 0 0 0 0 0 0 1
0.278814 0.427312 0.278395 0.334386 0.420534 0.481847 0.285197 0.483429 0.494607 0.451794 0.44949 0.371704 0.471064 0.497578 0.314549 0.431717 0.488976 0.281352 0.481993 0.52155 0 0 0 0 0 0 0 0 0 1
0.258123 0.490275 0.264203 0.461423 0.377682 0.392612 0.489746 0.3699 0.380816 0.484087 0.518222 0.263998 0.478803 0.514429 0.291476 0.445106 0.46221 0.37718 0.42222 0.507112 0 0 0 0 0 0 0 0 0 1
0.347266 0.366397 0.481996 0.264618 0.458143 0.324222 0.45704 0.341616 0.395176 0.546387 0.471375 0.403625 0.372348 0.485719 0.362174 0.379308 0.521473 0.252106 0.496479 0.473977 0 0 0 0 0 0 0 0 0 1
0.315423 0.432701 0.228813 0.489108 0.275586 0.476761 0.285777 0.499918 0.500775 0.486768 0.27157 0.47843 0.505682 0.391902 0.365807 0.480927 0.48589 0.291756 0.46077 0.54539 0 0 0 0 0 0 0 0 0 1