0.507849 0.495231 0.510495 0.436086 0.28899 0.490218 0.496549 0.5 0.305608 0.476823 0.508602 0.489812 0.482388 0.343584 0.406416 0.508833 0.491167 0.455707 0.505303 0.41399 1 0 0 0 0 0 0 0 0 0
0.494553 0.502273 0.495601 0.383779 0.365757 0.491631 0.490915 0.49528 0.513805 0.258369 0.488095 0.509428 0.494108 0.5 0.375 0.354178 0.52759 0.511515 0.481717 0.5 1 0 0 0 0 0 0 0 0 0
0.476823 0.495003 0.493372 0.477416 0.292375 0.457625 0.509707 0.512876 0.508369 0.344048 0.381178 0.50353 0.534691 0.478185 0.526284 0.213121 0.50045 0.510145 0.508833 0.491167 1 0 0 0 0 0 0 0 0 0
0.510039 0.512345 0.478876 0.491167 0.255892 0.49695 0.503277 0.493882 0.5 0.25 0.5 0.514429 0.504209 0.481362 0.286096 0.467785 0.503876 0.499158 0.510072 0.483012 1 0 0 0 0 0 0 0 0 0
0.459256 0.482195 0.494108 0.5 0.5 0.244108 0.501759 0.500747 0.509504 0.467597 0.276284 0.495454 0.5148 0.524548 0.231604 0.493326 0.490268 0.5 0.512219 0.519198 1 0 0 0 0 0 0 0 0 0
0.493976 0.490497 0.485571 0.513232 0.486768 0.24558 0.508607 0.504985 0.501423 0.489405 0.255486 0.480404 0.532393 0.506012 0.475705 0.256628 0.496832 0.502222 0.503952 0.490366 1 0 0 0 0 0 0 0 0 0
0.494697 0.49773 0.525185 0.495621 0.50263 0.484137 0.236768 0.503881 0.509351 0.5 0.5 0.284802 0.475452 0.501965 0.506979 0.480802 0.238086 0.528782 0.498486 0.493015 1 0 0 0 0 0 0 0 0 0
0.483567 0.511119 0.49766 0.516406 0.46101 0.25 0.511989 0.515416 0.472595 0.515863 0.256721 0.491423 0.490673 0.502893 0.492427 0.267612 0.494607 0.494409 0.493372 0.426208 1 0 0 0 0 0 0 0 0 0
0.514319 0.486305 0.511855 0.491327 0.240339 0.499504 0.50525 0.490831 0.515102 0.180153 0.513513 0.534904 0.534208 0.429594 0.295905 0.501309 0.499348 0.498545 0.493882 0.468584 1 0 0 0 0 0 0 0 0 0
0.479666 0.50197 0.490649 0.480208 0.46101 0.298924 0.478298 0.511768 0.5 0.5 0.296387 0.458585 0.499108 0.49592 0.473716 0.276284 0.509934 0.4997 0.497595 0.492771 1 0 0 0 0 0 0 0 0 0
0.48485 0.483076 0.496614 0.5 0.530157 0.46101 0.267612 0.476026 0.522226 0.5 0.268939 0.479205 0.496247 0.5051 0.512446 0.494784 0.213612 0.516925 0.515163 0.481717 1 0 0 0 0 0 0 0 0 0
0.487098 0.483323 0.484672 0.491631 0.5 0.243882 0.506118 0.514429 0.485571 0.310559 0.459232 0.484888 0.530123 0.475132 0.490066 0.33601 0.419122 0.498484 0.50093 0.495454 1 0 0 0 0 0 0 0 0 0
0.473009 0.498011 0.497275 0.501014 0.516406 0.284802 0.394792 0.522417 0.508999 0.5 0.357388 0.373604 0.505775 0.517912 0.49532 0.33601 0.434283 0.491331 0.488375 0.5 1 0 0 0 0 0 0 0 0 0
0.489884 0.498844 0.493317 0.482388 0.357388 0.382978 0.501813 0.499226 0.508595 0.375 0.375 0.491167 0.516406 0.515011 0.246055 0.487854 0.501662 0.491845 0.46101 0.512705 1 0 0 0 0 0 0 0 0 0
0.485749 0.488282 0.483594 0.5 0.5 0.46101 0.302222 0.483382 0.493654 0.503614 0.445559 0.310559 0.5 0.541476 0.472953 0.222058 0.531521 0.485608 0.496383 0.5 1 0 0 0 0 0 0 0 0 0
0.471375 0.5 0.511349 0.520068 0.226952 0.488934 0.502697 0.5 0.301208 0.459386 0.493022 0.509616 0.486768 0.261349 0.501108 0.498377 0.489165 0.484137 0.498251 0.517612 1 0 0 0 0 0 0 0 0 0
0.473977 0.495094 0.502407 0.484888 0.5 0.235571 0.509036 0.505393 0.5 0.257951 0.479173 0.524791 0.519502 0.468584 0.5 0.334046 0.448155 0.474715 0.488263 0.48503 1 0 0 0 0 0 0 0 0 0
0.483162 0.473716 0.5 0.473716 0.401284 0.401284 0.473716 0.496614 0.499198 0.521799 0.22017 0.493021 0.519198 0.531416 0.519792 0.198792 0.5 0.513805 0.498414 0.507573 1 0 0 0 0 0 0 0 0 0
0.48592 0.495599 0.492341 0.488651 0.375 0.382758 0.503201 0.49741 0.500982 0.255078 0.474612 0.541524 0.523018 0.469 0.477416 0.426208 0.334627 0.502621 0.486544 0.5 1 0 0 0 0 0 0 0 0 0
0.479649 0.485662 0.4957 0.5 0.225705 0.496722 0.527573 0.516692 0.483308 0.261349 0.494137 0.516329 0.503109 0.315274 0.431767 0.489385 0.495014 0.523136 0.470501 0.5 1 0 0 0 0 0 0 0 0 0
0.442831 0.46615 0.45821 0.463517 0.4429 0.461599 0.426208 0.459906 0.44538 0.443275 0.437059 0.424857 0.441204 0.476135 0.456534 0.466858 0.441876 0.447778 0.470061 0.482085 0 1 0 0 0 0 0 0 0 0
0.467387 0.447866 0.448478 0.458282 0.454648 0.42775 0.433822 0.452492 0.442299 0.4429 0.47109 0.430669 0.450657 0.459104 0.435021 0.404143 0.455707 0.472524 0.495797 0.482388 0 1 0 0 0 0 0 0 0 0
0.466403 0.441775 0.469882 0.458964 0.470905 0.442071 0.418835 0.44144 0.455362 0.452646 0.474405 0.435956 0.446356 0.462024 0.44928 0.439893 0.442254 0.456549 0.462597 0.486195 0 1 0 0 0 0 0 0 0 0
0.476654 0.435712 0.423218 0.469037 0.458193 0.451968 0.464065 0.473535 0.457412 0.43082 0.429997 0.447451 0.435109 0.455055 0.466122 0.445535 0.46016 0.471142 0.493786 0.469435 0 1 0 0 0 0 0 0 0 0
0.482878 0.443331 0.454095 0.438658 0.469213 0.456828 0.475499 0.431924 0.420493 0.462024 0.45689 0.457802 0.431377 0.46449 0.468584 0.447738 0.435736 0.434955 0.438063 0.447432 0 1 0 0 0 0 0 0 0 0
0.47561 0.456942 0.434363 0.454008 0.463831 0.465657 0.442963 0.468857 0.454684 0.409221 0.433603 0.470603 0.45744 0.436758 0.457749 0.456835 0.453924 0.426612 0.446873 0.476592 0 1 0 0 0 0 0 0 0 0
0.486164 0.444328 0.469532 0.470207 0.456365 0.413069 0.473555 0.435041 0.446368 0.464239 0.466285 0.439779 0.420469 0.473359 0.47039 0.438282 0.41212 0.43455 0.465542 0.496588 0 1 0 0 0 0 0 0 0 0
0.468584 0.424231 0.465198 0.478656 0.465961 0.415954 0.417375 0.469843 0.47294 0.471585 0.474437 0.420017 0.43022 0.461668 0.447756 0.435889 0.428054 0.465859 0.48475 0.484875 0 1 0 0 0 0 0 0 0 0
0.45135 0.447324 0.461896 0.457161 0.443426 0.469592 0.462965 0.441152 0.431894 0.443575 0.466403 0.436803 0.424087 0.454123 0.44382 0.427083 0.457269 0.47843 0.481653 0.479357 0 1 0 0 0 0 0 0 0 0
0.456427 0.443809 0.456137 0.453282 0.465063 0.437626 0.446725 0.43492 0.443696 0.451216 0.483491 0.443213 0.433737 0.445091 0.461835 0.459253 0.417648 0.446066 0.463202 0.491631 0 1 0 0 0 0 0 0 0 0
0.468988 0.439495 0.451892 0.469184 0.455077 0.459609 0.451641 0.458093 0.432891 0.445307 0.470864 0.479232 0.446 0.419759 0.455241 0.432487 0.442513 0.475705 0.465857 0.491875 0 1 0 0 0 0 0 0 0 0
0.466113 0.442744 0.461372 0.43424 0.428466 0.460876 0.454871 0.449683 0.464364 0.463359 0.458591 0.442426 0.433691 0.443246 0.419745 0.463726 0.462315 0.448697 0.429157 0.435804 0 1 0 0 0 0 0 0 0 0
0.456948 0.450035 0.450503 0.476958 0.460771 0.417588 0.42921 0.449957 0.453938 0.471263 0.445746 0.46225 0.447541 0.43134 0.424897 0.455211 0.45173 0.439731 0.46328 0.505303 0 1 0 0 0 0 0 0 0 0
0.451668 0.447276 0.480631 0.469093 0.467188 0.437845 0.429519 0.448792 0.458868 0.467074 0.444086 0.441027 0.46757 0.439441 0.441562 0.463476 0.45017 0.447941 0.449643 0.469932 0 1 0 0 0 0 0 0 0 0
0.450052 0.468584 0.46619 0.444377 0.469919 0.448669 0.457625 0.409221 0.436573 0.458537 0.468253 0.444717 0.449091 0.451328 0.443328 0.428458 0.430265 0.479866 0.458377 0.448792 0 1 0 0 0 0 0 0 0 0
0.472016 0.451341 0.468584 0.460896 0.460795 0.470207 0.45307 0.443825 0.408669 0.447771 0.468842 0.479407 0.459182 0.460193 0.453747 0.45126 0.427809 0.413652 0.446616 0.481439 0 1 0 0 0 0 0 0 0 0
0.448792 0.467457 0.469388 0.464086 0.468607 0.436174 0.458093 0.427003 0.440358 0.436891 0.457873 0.463111 0.429594 0.448792 0.444805 0.45893 0.453154 0.46101 0.445406 0.466321 0 1 0 0 0 0 0 0 0 0
0.472265 0.463779 0.472849 0.460319 0.459942 0.46101 0.41399 0.430153 0.459817 0.463933 0.445387 0.432525 0.457216 0.462253 0.457449 0.435559 0.440737 0.465802 0.49796 0.465198 0 1 0 0 0 0 0 0 0 0
0.459022 0.475054 0.482985 0.472612 0.450766 0.459424 0.419564 0.427365 0.445174 0.435096 0.443756 0.461191 0.453441 0.438893 0.467717 0.461734 0.455409 0.482437 0.46137 0.478904 0 1 0 0 0 0 0 0 0 0
0.47193 0.450972 0.455055 0.470135 0.477129 0.470501 0.403625 0.407791 0.472976 0.479719 0.489868 0.454011 0.453952 0.461348 0.432891 0.43659 0.433438 0.440119 0.470977 0.451685 0 1 0 0 0 0 0 0 0 0
0.495401 0.477377 0.500938 0.493413 0.504027 0.497806 0.503135 0.503343 0.494656 0.490915 0.5 0.5 0.511349 0.488651 0.5 0.5 0.5 0.5 0.5 0.5 0 0 1 0 0 0 0 0 0 0
0.495757 0.490438 0.49174 0.50826 0.49156 0.506691 0.497824 0.500118 0.498734 0.487461 0.507397 0.492603 0.5 0.5 0.5 0.5 0.519792 0.480208 0.5 0.5 0 0 1 0 0 0 0 0 0 0
0.5 0.493988 0.489412 0.492305 0.490649 0.503865 0.498257 0.507229 0.518638 0.510861 0.492316 0.490404 0.493673 0.508537 0.495505 0.509857 0.494637 0.524561 0.46101 0.75 0 0 1 0 0 0 0 0 0 0
0.489709 0.506279 0.486249 0.496626 0.491737 0.497441 0.490392 0.497922 0.503148 0.500736 0.497452 0.511032 0.484888 0.5 0.519198 0.490736 0.519565 0.487193 0.483308 0.5 0 0 1 0 0 0 0 0 0 0
0.521096 0.496515 0.495621 0.499473 0.492781 0.510377 0.504892 0.496857 0.499376 0.495231 0.500487 0.502407 0.492461 0.503022 0.489405 0.5 0.5 0.5 0.5 0.5 0 0 1 0 0 0 0 0 0 0
0.481061 0.510421 0.490407 0.510584 0.502223 0.504265 0.491687 0.503692 0.494388 0.490274 0.502887 0.483308 0.515112 0.484888 0.490649 0.48956 0.519792 0.486768 0.513232 0.5 0 0 1 0 0 0 0 0 0 0
0.534802 0.523635 0.480552 0.5 0.494607 0.499298 0.49339 0.503215 0.489509 0.49276 0.505844 0.490339 0.496595 0.506049 0.501624 0.487781 0.508833 0.491167 0.5 0.5 0 0 1 0 0 0 0 0 0 0
0.49532 0.483012 0.505363 0.504141 0.498651 0.4957 0.497071 0.495605 0.50126 0.487781 0.506363 0.490322 0.496688 0.499055 0.499622 0.502819 0.489269 0.515863 0.5 0.5 0 0 1 0 0 0 0 0 0 0
0.499149 0.487718 0.492676 0.496992 0.49687 0.497922 0.497256 0.5 0.5 0.510959 0.50039 0.506934 0.49055 0.508779 0.493737 0.488651 0.5 0.5 0.5 0.5 0 0 1 0 0 0 0 0 0 0
0.495834 0.49037 0.496025 0.496048 0.494318 0.512705 0.500527 0.500572 0.494146 0.502644 0.50321 0.501307 0.505984 0.478904 0.513232 0.486768 0.5 0.5 0.5 0.5 0 0 1 0 0 0 0 0 0 0
0.484888 0.463904 0.526284 0.48365 0.490066 0.507573 0.505659 0.50263 0.487926 0.503127 0.493085 0.508369 0.508619 0.496817 0.496129 0.495958 0.5108 0.509593 0.473716 0.5 0 0 1 0 0 0 0 0 0 0
0.514429 0.485571 0.531416 0.482192 0.500196 0.493592 0.494391 0.498212 0.5 0.5 0.5 0.5 0.5 0.5 0.573792 0.426208 0.5 0.5 0.5 0.5 0 0 1 0 0 0 0 0 0 0
0.51507 0.47773 0.511778 0.486478 0.503471 0.495723 0.499621 0.4957 0.491405 0.500226 0.508369 0.5 0.5 0.5 0.5 0.5 0.5 0.5 0.5 0.5 0 0 1 0 0 0 0 0 0 0
0.515554 0.496383 0.479429 0.506003 0.486768 0.510254 0.497832 0.497047 0.504502 0.503242 0.487124 0.513609 0.496326 0.507677 0.503485 0.503199 0.526913 0.475076 0.534275 0.439441 0 0 1 0 0 0 0 0 0 0
0.497208 0.503617 0.503613 0.493273 0.494642 0.497941 0.496475 0.501243 0.495768 0.493637 0.5 0.5 0.5 0.5 0.5 0.5 0.5 0.5 0.5 0.5 0 0 1 0 0 0 0 0 0 0
0.533024 0.48956 0.498513 0.498695 0.488433 0.497078 0.499446 0.504884 0.495338 0.502979 0.503398 0.488651 0.5 0.5 0.5 0.5 0.5 0.5 0.5 0.5 0 0 1 0 0 0 0 0 0 0
0.5 0.509351 0.4986 0.495109 0.50124 0.499678 0.496022 0.5 0.492603 0.488759 0.508385 0.506174 0.50408 0.5 0.5 0.5 0.526284 0.473716 0.5 0.5 0 0 1 0 0 0 0 0 0 0
0.496071 0.494732 0.506097 0.490224 0.508439 0.493479 0.498564 0.505142 0.491078 0.500172 0.496211 0.5 0.47843 0.52157 0.5 0.5 0.5 0.5 0.5 0.5 0 0 1 0 0 0 0 0 0 0
0.505233 0.500969 0.495546 0.5 0.501183 0.49391 0.503863 0.497439 0.502981 0.494361 0.514935 0.5 0.480631 0.493085 0.511349 0.520068 0.468584 0.5 0.5 0.5 0 0 1 0 0 0 0 0 0 0
0.508518 0.489493 0.508729 0.487619 0.508268 0.497374 0.503215 0.495952 0.495192 0.49764 0.503532 0.495797 0.504203 0.489534 0.501883 0.496119 0.505078 0.485571 0.5 0.5 0 0 1 0 0 0 0 0 0 0
0.519008 0.503617 0.483151 0.505475 0.546747 0.83171 0.539989 0.504984 0.494294 0.484826 0.480208 0.525451 0.486768 0.47017 0.0781711 0.528501 0.512379 0.520024 0.512369 0.522584 0 0 0 1 0 0 0 0 0 0
0.498397 0.499197 0.502293 0.499893 0.503493 0.82104 0.575011 0.518038 0.489434 0.472273 0.475447 0.498573 0.517612 0.485571 0.0749884 0.535298 0.518548 0.504913 0.505682 0.5 0 0 0 1 0 0 0 0 0 0
0.490366 0.488515 0.495622 0.515863 0.5 0.625 0.771252 0.525945 0.49272 0.477315 0.494623 0.500363 0.482295 0.536902 0.0330241 0.52157 0.523942 0.508768 0.500793 0.53177 0 0 0 1 0 0 0 0 0 0
0.503459 0.494865 0.493081 0.508595 0.513232 0.736768 0.621752 0.526374 0.500676 0.49878 0.501835 0.49459 0.505553 0.487658 0.112781 0.461746 0.518273 0.50675 0.505475 0.534042 0 0 0 1 0 0 0 0 0 0
0.507733 0.497849 0.483733 0.510148 0.506118 0.78899 0.58601 0.537853 0.515566 0.498803 0.487267 0.486796 0.5 0.473716 0.0928885 0.515845 0.504712 0.50096 0.499636 0.510959 0 0 0 1 0 0 0 0 0 0
0.495896 0.492053 0.497476 0.491784 0.520542 0.813611 0.558759 0.536999 0.5138 0.479176 0.476107 0.50327 0.495028 0.0561802 0.529206 0.513742 0.504724 0.509218 0.494318 0.484137 0 0 0 1 0 0 0 0 0 0
0.5 0.50866 0.498956 0.48585 0.510835 0.75 0.593584 0.562833 0.518872 0.498812 0.477184 0.480343 0.493372 0.125 0.465484 0.525243 0.514577 0.511388 0.503951 0.505641 0 0 0 1 0 0 0 0 0 0
0.504247 0.495588 0.497985 0.522584 0.704833 0.640011 0.537437 0.516128 0.515662 0.482802 0.463913 0.477202 0.0959783 0.520867 0.508155 0.514429 0.5 0.519792 0.5 0.480208 0 0 0 1 0 0 0 0 0 0
0.509251 0.503821 0.5 0.492931 0.507573 0.575052 0.687167 0.592332 0.536573 0.524014 0.509179 0.487691 0.455419 0.426208 0.189959 0.469285 0.509746 0.52034 0.514142 0.546529 0 0 0 1 0 0 0 0 0 0
0.495847 0.497129 0.498191 0.478904 0.771096 0.594888 0.535794 0.531197 0.511504 0.494382 0.486734 0.452889 0.466403 0.159802 0.492998 0.515457 0.507951 0.511625 0.49897 0.489405 0 0 0 1 0 0 0 0 0 0
0.5 0.5 0.502306 0.516701 0.512409 0.5 0.75 0.593584 0.525451 0.513539 0.495635 0.490626 0.487982 0.513052 0.473716 0.111195 0.48951 0.510741 0.511067 0.502487 0 0 0 1 0 0 0 0 0 0
0.47318 0.507515 0.48503 0.506118 0.529978 0.674914 0.641406 0.541591 0.52054 0.505101 0.478665 0.46028 0.455846 0.509351 0.215198 0.430341 0.504385 0.516933 0.509351 0.542375 0 0 0 1 0 0 0 0 0 0
0.488145 0.508962 0.504662 0.498232 0.625 0.732388 0.532041 0.527187 0.515484 0.50798 0.483385 0.465965 0.441278 0.419293 0.244697 0.49773 0.501942 0.501931 0.5 0.503701 0 0 0 1 0 0 0 0 0 0
0.508766 0.494868 0.503281 0.5 0.78899 0.567372 0.54532 0.510198 0.489802 0.473319 0.4957 0.498408 0.493673 0.512219 0.375 0.238651 0.494657 0.514727 0.516842 0.558915 0 0 0 1 0 0 0 0 0 0
0.493508 0.498192 0.514685 0.509707 0.747208 0.595857 0.53885 0.513213 0.497662 0.491043 0.477416 0.470524 0.489226 0.150054 0.474946 0.51206 0.519356 0.5278 0.489812 0.508673 0 0 0 1 0 0 0 0 0 0
0.503739 0.498737 0.49697 0.494719 0.877638 0.539505 0.518286 0.501971 0.493856 0.491197 0.507636 0.472572 0.485571 0.125 0.487037 0.508663 0.499818 0.504482 0.504821 0.495179 0 0 0 1 0 0 0 0 0 0
0.501819 0.508617 0.505734 0.520068 0.769792 0.573792 0.536096 0.513959 0.506125 0.489346 0.478004 0.46204 0.463221 0.215198 0.42712 0.503826 0.504083 0.506189 0.513299 0.506492 0 0 0 1 0 0 0 0 0 0
0.172279 0.480287 0.508229 0.523745 0.545668 0.702492 0.586497 0.550501 0.513755 0.501381 0.49123 0.476921 0.483916 0.295722 0.323792 0.50292 0.50183 0.498566 0.496685 0.573792 0 0 0 1 0 0 0 0 0 0
0.490649 0.496166 0.499591 0.523251 0.730992 0.580707 0.540907 0.536523 0.512585 0.488347 0.478637 0.46101 0.48533 0.489746 0.162403 0.49501 0.506838 0.508028 0.512762 0.491167 0 0 0 1 0 0 0 0 0 0
0.502601 0.503243 0.497761 0.49913 0.500448 0.863145 0.537633 0.522541 0.514574 0.495514 0.471575 0.45303 0.472979 0.382229 0.309577 0.481486 0.493819 0.501316 0.509618 0.505393 0 0 0 1 0 0 0 0 0 0
0.481537 0.483043 0.467194 0.472369 0.482388 0.479498 0.454456 0.464532 0.452734 0.479912 0.405816 0.410775 0.453084 0.467515 0.485974 0.505845 0.497938 0.487724 0.458079 0.466976 0 0 0 0 1 0 0 0 0 0
0.496912 0.487042 0.477338 0.469607 0.465952 0.457052 0.438427 0.436573 0.45503 0.459829 0.418423 0.470718 0.460429 0.482035 0.452328 0.489635 0.504473 0.510713 0.510291 0.462304 0 0 0 0 1 0 0 0 0 0
0.480208 0.491631 0.491229 0.47815 0.498616 0.469374 0.468584 0.440215 0.434785 0.426208 0.467163 0.47067 0.443616 0.475268 0.489808 0.487708 0.482088 0.484888 0.46101 0.53899 0 0 0 0 1 0 0 0 0 0
0.512219 0.487781 0.471375 0.485502 0.501646 0.477776 0.458492 0.448792 0.463517 0.401424 0.391552 0.477416 0.474729 0.483874 0.493047 0.499482 0.487238 0.484137 0.5 0.375 0 0 0 0 1 0 0 0 0 0
0.503617 0.483012 0.494404 0.495587 0.46778 0.473206 0.47512 0.468902 0.43855 0.47753 0.444491 0.457625 0.468584 0.442429 0.461393 0.468353 0.470624 0.485814 0.481946 0.388232 0 0 0 0 1 0 0 0 0 0
0.478904 0.482388 0.495028 0.490268 0.492258 0.48885 0.484646 0.459174 0.443399 0.387705 0.430783 0.486364 0.476186 0.463658 0.48146 0.480208 0.473487 0.484137 0.451318 0.47489 0 0 0 0 1 0 0 0 0 0
0.48767 0.49968 0.495198 0.468584 0.475076 0.469659 0.474161 0.44832 0.452191 0.471306 0.466563 0.419459 0.443133 0.46454 0.4749 0.49326 0.473716 0.468584 0.462597 0.495028 0 0 0 0 1 0 0 0 0 0
0.483091 0.495813 0.489746 0.459046 0.493279 0.47638 0.456549 0.417375 0.428126 0.432299 0.475901 0.464883 0.47642 0.474967 0.485268 0.486454 0.473957 0.479852 0.462937 0.566562 0 0 0 0 1 0 0 0 0 0
0.476657 0.494568 0.475981 0.484923 0.466375 0.474316 0.437167 0.469249 0.423935 0.464204 0.478028 0.465792 0.45883 0.47017 0.480477 0.491577 0.478087 0.488286 0.440274 0.297508 0 0 0 0 1 0 0 0 0 0
0.5 0.504187 0.495813 0.482388 0.476135 0.461446 0.460922 0.429668 0.415146 0.468786 0.478973 0.437107 0.463221 0.476303 0.490859 0.497022 0.471958 0.490066 0.46101 0.41399 0 0 0 0 1 0 0 0 0 0
0.517612 0.518111 0.486711 0.500151 0.473458 0.455933 0.440637 0.4321 0.4429 0.457625 0.475076 0.430081 0.470742 0.490268 0.496211 0.496124 0.472862 0.489635 0.471375 0.5 0 0 0 0 1 0 0 0 0 0
0.481434 0.484709 0.479513 0.471904 0.449867 0.409221 0.471564 0.462799 0.494514 0.461193 0.485855 0.408514 0.473716 0.46101 0.48031 0.496237 0.505343 0.483308 0.5 0.5 0 0 0 0 1 0 0 0 0 0
0.507603 0.495999 0.486936 0.482176 0.444032 0.470187 0.450733 0.420894 0.481979 0.472979 0.461354 0.474914 0.4336 0.468323 0.481264 0.484728 0.480963 0.496413 0.461948 0.401284 0 0 0 0 1 0 0 0 0 0
0.503485 0.483876 0.495028 0.480208 0.478316 0.467684 0.409802 0.442614 0.480208 0.491167 0.44382 0.452558 0.443476 0.451331 0.477454 0.477282 0.477796 0.494868 0.531416 0.5 0 0 0 0 1 0 0 0 0 0
0.515863 0.494072 0.494887 0.495179 0.483012 0.453561 0.403081 0.419178 0.491167 0.458524 0.4414 0.46959 0.482902 0.464655 0.467204 0.480154 0.485571 0.5 0.485571 0.514429 0 0 0 0 1 0 0 0 0 0
0.494215 0.492621 0.493372 0.46753 0.474033 0.462581 0.419649 0.455707 0.455389 0.468725 0.476384 0.449825 0.457203 0.476676 0.468989 0.477245 0.481233 0.469843 0.507573 0.492427 0 0 0 0 1 0 0 0 0 0
0.499167 0.487088 0.487461 0.478904 0.469888 0.452492 0.445091 0.442614 0.46101 0.464433 0.479387 0.456631 0.44479 0.489385 0.471554 0.459174 0.449078 0.430359 0.511625 0.593584 0 0 0 0 1 0 0 0 0 0
0.488375 0.477692 0.491557 0.493507 0.473009 0.476481 0.437365 0.457329 0.443868 0.451031 0.445798 0.478622 0.463221 0.477053 0.475203 0.473589 0.484675 0.450052 0.487781 0.457625 0 0 0 0 1 0 0 0 0 0
0.478904 0.505233 0.480295 0.496578 0.489961 0.471536 0.480292 0.440784 0.430711 0.436716 0.470591 0.465982 0.46101 0.45668 0.476202 0.481107 0.465649 0.462105 0.475871 0.471375 0 0 0 0 1 0 0 0 0 0
0.509085 0.495737 0.47654 0.482155 0.47365 0.482126 0.466302 0.455337 0.448058 0.46101 0.454474 0.432151 0.456959 0.475908 0.474144 0.46496 0.472767 0.469348 0.488731 0.435559 0 0 0 0 1 0 0 0 0 0
0.475236 0.421563 0.43424 0.347904 0.463669 0.55618 0.5896 0.590987 0.643914 0.588474 0.569834 0.619607 0.611195 0.531416 0.473716 0.475076 0.456165 0.449401 0.3665 0.440239 0 0 0 0 0 1 0 0 0 0
0.471512 0.377027 0.428336 0.391929 0.508044 0.569705 0.577658 0.653606 0.562662 0.605107 0.571969 0.586937 0.611242 0.561568 0.460141 0.432701 0.447271 0.433728 0.456091 0.373847 0 0 0 0 0 1 0 0 0 0
0.434206 0.395282 0.3678 0.435598 0.524237 0.583219 0.620072 0.588071 0.618919 0.565701 0.56275 0.640863 0.617427 0.527721 0.526873 0.440274 0.39785 0.426428 0.389559 0.431097 0 0 0 0 0 1 0 0 0 0
0.411783 0.407808 0.383833 0.429 0.509351 0.582608 0.567465 0.628651 0.611017 0.569491 0.585141 0.652641 0.578781 0.540067 0.490401 0.425553 0.43118 0.432195 0.448919 0.418508 0 0 0 0 0 1 0 0 0 0
0.440943 0.425305 0.367346 0.403625 0.504726 0.59399 0.600076 0.618085 0.58954 0.573792 0.575972 0.613113 0.589225 0.574625 0.510796 0.468503 0.412633 0.428549 0.412938 0.426522 0 0 0 0 0 1 0 0 0 0
0.428558 0.42103 0.390517 0.427191 0.49615 0.621211 0.593986 0.567587 0.651793 0.56003 0.57021 0.623159 0.592938 0.555639 0.468955 0.436827 0.455442 0.434979 0.393527 0.467824 0 0 0 0 0 1 0 0 0 0
0.412909 0.420746 0.378739 0.420203 0.498854 0.601142 0.580241 0.590198 0.616352 0.572444 0.600828 0.595255 0.544122 0.55981 0.53088 0.4975 0.426887 0.434308 0.395068 0.450789 0 0 0 0 0 1 0 0 0 0
0.4461 0.332175 0.397498 0.456633 0.52822 0.572877 0.591976 0.647065 0.597284 0.550893 0.560472 0.653942 0.572725 0.560672 0.484814 0.426482 0.465799 0.478452 0.431489 0.36766 0 0 0 0 0 1 0 0 0 0
0.409267 0.385639 0.383369 0.437833 0.514659 0.564376 0.600559 0.660373 0.587566 0.541569 0.614161 0.642893 0.553321 0.542041 0.503881 0.448792 0.412976 0.421726 0.425869 0.466846 0 0 0 0 0 1 0 0 0 0
0.395141 0.383776 0.371007 0.454079 0.508207 0.574652 0.614346 0.629972 0.598438 0.548738 0.60974 0.595501 0.566562 0.588549 0.514181 0.418506 0.433771 0.401895 0.409818 0.45152 0 0 0 0 0 1 0 0 0 0
0.453154 0.407121 0.366434 0.427201 0.508648 0.585338 0.570003 0.676208 0.606816 0.510611 0.555081 0.68738 0.529875 0.580844 0.514281 0.450295 0.417233 0.422693 0.40699 0.413262 0 0 0 0 0 1 0 0 0 0
0.4429 0.394792 0.371784 0.436974 0.497288 0.548562 0.582625 0.592847 0.655638 0.567659 0.523338 0.599004 0.634185 0.566008 0.529297 0.473674 0.443663 0.44934 0.436123 0.469498 0 0 0 0 0 1 0 0 0 0
0.464113 0.367897 0.352882 0.438517 0.498527 0.557732 0.606816 0.672893 0.601668 0.511536 0.540036 0.712857 0.558605 0.527405 0.462024 0.461181 0.4645 0.518711 0.456365 0.322778 0 0 0 0 0 1 0 0 0 0
0.451794 0.40985 0.371949 0.432997 0.502337 0.587793 0.598487 0.581365 0.618021 0.578561 0.556804 0.602416 0.556867 0.548341 0.527512 0.488551 0.481871 0.469751 0.476135 0.388805 0 0 0 0 0 1 0 0 0 0
0.425912 0.418757 0.3317 0.434665 0.51654 0.558876 0.596618 0.626655 0.596755 0.566631 0.63422 0.591902 0.566667 0.548982 0.497133 0.469843 0.441354 0.452986 0.434649 0.391382 0 0 0 0 0 1 0 0 0 0
0.431638 0.346987 0.404672 0.475924 0.527336 0.591384 0.62735 0.635677 0.576776 0.56653 0.603239 0.55808 0.573666 0.513805 0.460552 0.476615 0.452979 0.457625 0.354294 0.430509 0 0 0 0 0 1 0 0 0 0
0.432666 0.39863 0.376847 0.407806 0.507573 0.562671 0.572144 0.628298 0.608021 0.563504 0.560144 0.672273 0.578192 0.525558 0.470825 0.463987 0.498882 0.443547 0.399295 0.329135 0 0 0 0 0 1 0 0 0 0
0.413035 0.364211 0.375098 0.453902 0.523134 0.581631 0.605892 0.605468 0.582784 0.562625 0.610928 0.608102 0.574386 0.549601 0.503631 0.457542 0.494959 0.414488 0.390338 0.379454 0 0 0 0 0 1 0 0 0 0
0.455392 0.400319 0.311091 0.466239 0.553352 0.566747 0.571518 0.641841 0.607795 0.542443 0.571963 0.612781 0.590832 0.549389 0.502889 0.464152 0.426771 0.445496 0.422119 0.485571 0 0 0 0 0 1 0 0 0 0
0.445003 0.420646 0.325322 0.386522 0.515037 0.592047 0.574256 0.611867 0.632616 0.546419 0.629266 0.631559 0.559308 0.536549 0.485152 0.386232 0.466518 0.43189 0.395208 0.448375 0 0 0 0 0 1 0 0 0 0
0.478904 0.460537 0.486768 0.466403 0.383673 0.442299 0.380966 0.486461 0.503301 0.51668 0.578928 0.538795 0.548868 0.611768 0.549086 0.52344 0.525181 0.502829 0.500683 0.514429 0 0 0 0 0 0 1 0 0 0
0.426208 0.474378 0.490635 0.481439 0.436703 0.418054 0.410816 0.412976 0.480636 0.529729 0.544908 0.562354 0.545819 0.597788 0.550338 0.532973 0.548618 0.50442 0.521096 0.478904 0 0 0 0 0 0 1 0 0 0
0.508369 0.485739 0.463053 0.469048 0.409802 0.331365 0.421529 0.484888 0.5 0.519792 0.554 0.56632 0.536096 0.582625 0.524764 0.540195 0.531685 0.534248 0.52623 0.510254 0 0 0 0 0 0 1 0 0 0
0.459232 0.491833 0.488375 0.440423 0.383369 0.4429 0.389725 0.475813 0.5 0.51867 0.543347 0.59813 0.562833 0.552629 0.540954 0.546726 0.541072 0.505785 0.502273 0.529143 0 0 0 0 0 0 1 0 0 0
0.496997 0.483696 0.462304 0.406416 0.375 0.409802 0.47109 0.514862 0.518969 0.55168 0.55618 0.537976 0.579795 0.549605 0.546034 0.515737 0.530586 0.536655 0.504821 0.5 0 0 0 0 0 0 1 0 0 0
0.496705 0.505568 0.477935 0.480208 0.370028 0.388805 0.433781 0.487295 0.502538 0.525178 0.554594 0.558781 0.593584 0.562833 0.541476 0.527344 0.530497 0.515749 0.5 0.509934 0 0 0 0 0 0 1 0 0 0
0.50826 0.50153 0.470808 0.424231 0.427222 0.373117 0.441143 0.484849 0.520284 0.549948 0.566219 0.592163 0.562668 0.535807 0.53285 0.515918 0.522813 0.523127 0.509971 0.505892 0 0 0 0 0 0 1 0 0 0
0.495265 0.468998 0.45503 0.394792 0.375 0.43726 0.503958 0.53899 0.563197 0.54857 0.506317 0.549291 0.504011 0.561002 0.537403 0.540768 0.520148 0.520885 0.479115 0.419293 0 0 0 0 0 0 1 0 0 0
0.480599 0.484329 0.4375 0.384351 0.426208 0.426208 0.479133 0.482891 0.535635 0.552724 0.567244 0.558581 0.552083 0.534359 0.561142 0.523992 0.514998 0.502332 0.501054 0.531416 0 0 0 0 0 0 1 0 0 0
0.480573 0.462857 0.462523 0.423731 0.380733 0.437167 0.459386 0.493106 0.511411 0.544047 0.565841 0.531416 0.564084 0.570113 0.538395 0.537623 0.530078 0.508403 0.513523 0.507573 0 0 0 0 0 0 1 0 0 0
0.490066 0.476338 0.478088 0.449516 0.390061 0.398031 0.434949 0.467578 0.497998 0.533024 0.556859 0.520392 0.5571 0.593584 0.549028 0.538569 0.527344 0.504697 0.517772 0.519008 0 0 0 0 0 0 1 0 0 0
0.481527 0.47065 0.479195 0.439441 0.424584 0.400501 0.440207 0.486001 0.501212 0.5139 0.534208 0.574386 0.570406 0.582989 0.547185 0.537201 0.51115 0.523366 0.516692 0.573792 0 0 0 0 0 0 1 0 0 0
0.488202 0.456347 0.431872 0.415954 0.416476 0.427107 0.480208 0.491482 0.536318 0.568935 0.533087 0.546387 0.551208 0.522584 0.566562 0.523635 0.544534 0.522838 0.507289 0.511349 0 0 0 0 0 0 1 0 0 0
0.491943 0.472034 0.445955 0.420397 0.398635 0.441562 0.458524 0.501853 0.523761 0.563756 0.562678 0.540713 0.530816 0.554668 0.544649 0.551727 0.525994 0.530292 0.505363 0.480208 0 0 0 0 0 0 1 0 0 0
0.49812 0.505286 0.47687 0.413208 0.392612 0.359137 0.458763 0.498663 0.511417 0.533789 0.539517 0.563914 0.534802 0.577107 0.537298 0.523471 0.554423 0.521605 0.526162 0.509934 0 0 0 0 0 0 1 0 0 0
0.525451 0.498376 0.479314 0.395345 0.415954 0.426208 0.448792 0.474549 0.499767 0.525684 0.532837 0.559138 0.559308 0.573792 0.539353 0.546871 0.519408 0.519998 0.494796 0.529499 0 0 0 0 0 0 1 0 0 0
0.485432 0.482955 0.466232 0.389173 0.38234 0.436401 0.467075 0.507982 0.520643 0.537976 0.524191 0.553482 0.566451 0.554668 0.558759 0.539278 0.515271 0.520504 0.50442 0.5 0 0 0 0 0 0 1 0 0 0
0.49766 0.477416 0.448792 0.396223 0.369868 0.437331 0.484198 0.487891 0.513403 0.569604 0.557174 0.548887 0.541237 0.563078 0.548272 0.527966 0.512629 0.523343 0.501749 0.515863 0 0 0 0 0 0 1 0 0 0
0.470857 0.49392 0.481948 0.468889 0.375863 0.419534 0.419475 0.465889 0.50281 0.529201 0.547822 0.534802 0.53899 0.591403 0.553388 0.546427 0.540773 0.518009 0.493372 0.506628 0 0 0 0 0 0 1 0 0 0
0.490153 0.489041 0.452178 0.382573 0.413332 0.424425 0.485516 0.509351 0.514429 0.508155 0.521709 0.541718 0.53899 0.631363 0.540024 0.529931 0.521277 0.51832 0.509085 0.375 0 0 0 0 0 0 1 0 0 0
0.513232 0.505286 0.491214 0.512566 0.48546 0.449867 0.366167 0.333025 0.517325 0.502067 0.487781 0.503386 0.258833 0.422279 0.486317 0.487303 0.491977 0.478755 0.443928 0.490649 0 0 0 0 0 0 0 1 0 0
0.523814 0.498167 0.504377 0.476273 0.485827 0.495089 0.282316 0.400525 0.5031 0.518703 0.5161 0.515581 0.445916 0.217847 0.47129 0.507674 0.505682 0.485571 0.469584 0.462221 0 0 0 0 0 0 0 1 0 0
0.496771 0.506402 0.511859 0.496659 0.509878 0.474549 0.193987 0.491476 0.48534 0.518638 0.5 0.5 0.352416 0.354133 0.458508 0.498932 0.502728 0.475894 0.482388 0.551208 0 0 0 0 0 0 0 1 0 0
0.505303 0.505393 0.507913 0.5031 0.494784 0.46724 0.246119 0.439441 0.491775 0.496006 0.516197 0.511134 0.484888 0.16399 0.490509 0.509491 0.516722 0.45364 0.433549 0.5571 0 0 0 0 0 0 0 1 0 0
0.487153 0.509374 0.510418 0.489582 0.485929 0.390192 0.252876 0.516391 0.513554 0.514106 0.487308 0.457247 0.206823 0.465198 0.499406 0.507899 0.500268 0.5 0.521163 0.459046 0 0 0 0 0 0 0 1 0 0
0.505174 0.493448 0.492545 0.480208 0.519792 0.202492 0.473716 0.505132 0.503952 0.490915 0.515863 0.484137 0.323792 0.412403 0.447834 0.496294 0.486534 0.486768 0.49766 0.491327 0 0 0 0 0 0 0 1 0 0
0.5 0.506256 0.482785 0.491167 0.513513 0.451685 0.21101 0.478904 0.512502 0.503462 0.505132 0.511349 0.508443 0.188732 0.440568 0.50602 0.515415 0.515033 0.480917 0.458524 0 0 0 0 0 0 0 1 0 0
0.492791 0.493404 0.502905 0.506254 0.489921 0.321529 0.375925 0.488624 0.496022 0.52157 0.501014 0.519792 0.227416 0.402716 0.477416 0.509145 0.509964 0.492746 0.494637 0.468584 0 0 0 0 0 0 0 1 0 0
0.495221 0.50303 0.492088 0.504267 0.501294 0.444112 0.229932 0.478506 0.507353 0.488987 0.513805 0.5 0.522584 0.239635 0.416056 0.495407 0.497936 0.480787 0.480168 0.523843 0 0 0 0 0 0 0 1 0 0
0.508975 0.494814 0.485528 0.498876 0.472224 0.463451 0.317299 0.411096 0.49532 0.496752 0.503248 0.5 0.5 0.294293 0.39007 0.472054 0.502393 0.512036 0.480439 0.473716 0 0 0 0 0 0 0 1 0 0
0.515462 0.507122 0.495231 0.484187 0.489165 0.477416 0.208143 0.487905 0.502744 0.5 0.5 0.5 0.28899 0.395737 0.464834 0.495231 0.51032 0.503485 0.535895 0.516519 0 0 0 0 0 0 0 1 0 0
0.503576 0.494713 0.492878 0.505132 0.498484 0.449187 0.254821 0.451974 0.496817 0.5 0.5 0.513232 0.506559 0.125 0.483594 0.502733 0.527149 0.523833 0.478996 0.515112 0 0 0 0 0 0 0 1 0 0
0.504863 0.492728 0.479545 0.497107 0.476823 0.48146 0.313096 0.410223 0.477085 0.501844 0.503459 0.5 0.519792 0.172279 0.471919 0.515011 0.476341 0.46243 0.57167 0.486768 0 0 0 0 0 0 0 1 0 0
0.495286 0.48669 0.499313 0.496614 0.448305 0.236948 0.478287 0.494675 0.50472 0.489293 0.519792 0.5 0.375 0.403625 0.388093 0.470501 0.503136 0.523635 0.531014 0.444426 0 0 0 0 0 0 0 1 0 0
0.473229 0.505949 0.479867 0.481925 0.500592 0.433438 0.244318 0.493463 0.512219 0.5 0.507573 0.518711 0.348716 0.327492 0.453924 0.514429 0.502837 0.488519 0.491423 0.522584 0 0 0 0 0 0 0 1 0 0
0.47843 0.481196 0.496478 0.507117 0.489272 0.505132 0.151109 0.508446 0.517455 0.500961 0.503834 0.498803 0.322778 0.371614 0.436383 0.507763 0.522257 0.46961 0.538462 0.52891 0 0 0 0 0 0 0 1 0 0
0.503881 0.493798 0.49737 0.467973 0.445003 0.375 0.352416 0.515767 0.506817 0.493085 0.491053 0.498251 0.431601 0.33601 0.409069 0.492215 0.535015 0.471724 0.452547 0.514429 0 0 0 0 0 0 0 1 0 0
0.478291 0.495125 0.515571 0.482388 0.477416 0.230208 0.477935 0.4957 0.499921 0.505623 0.489405 0.46101 0.28899 0.412696 0.466384 0.485986 0.515826 0.5 0.483513 0.488011 0 0 0 0 0 0 0 1 0 0
0.487941 0.497912 0.493742 0.486039 0.483554 0.268054 0.426727 0.506559 0.502273 0.5 0.490066 0.478518 0.375 0.365462 0.437332 0.485744 0.483146 0.494762 0.579411 0.435559 0 0 0 0 0 0 0 1 0 0
0.467821 0.495574 0.509495 0.493612 0.473887 0.487124 0.188346 0.51104 0.514226 0.486334 0.498847 0.519792 0.28899 0.314914 0.48968 0.555711 0.523911 0.475491 0.448503 0.380216 0 0 0 0 0 0 0 1 0 0
0.594752 0.630596 0.421487 0.118085 0.551208 0.637219 0.59517 0.425301 0.161281 0.450821 0.703295 0.482379 0.108975 0.422781 0.758897 0.546552 0.131992 0.447277 0.679268 0.513232 0 0 0 0 0 0 0 0 1 0
0.527414 0.667067 0.371544 0.177151 0.65017 0.637876 0.492055 0.216139 0.364274 0.550799 0.644754 0.468188 0.0994045 0.447105 0.79559 0.527369 0.0898621 0.484411 0.659275 0.524343 0 0 0 0 0 0 0 0 1 0
0.502287 0.708653 0.460895 0.0937773 0.483594 0.722054 0.548738 0.431194 0.147125 0.470226 0.75302 0.442071 0.102416 0.482266 0.534425 0.750448 0.16101 0.422958 0.637742 0.530674 0 0 0 0 0 0 0 0 1 0
0.524997 0.692102 0.469155 0.0811535 0.488592 0.571968 0.663573 0.46984 0.115626 0.469467 0.798305 0.42876 0.50146 0.100304 0.567071 0.696117 0.196494 0.382115 0.668933 0.501488 0 0 0 0 0 0 0 0 1 0
0.50522 0.689441 0.476286 0.0817673 0.53899 0.647584 0.55634 0.470104 0.494607 0.135365 0.47193 0.752694 0.462933 0.25087 0.329514 0.562905 0.698586 0.115655 0.561686 0.588316 0 0 0 0 0 0 0 0 1 0
0.472937 0.732247 0.433265 0.139609 0.485102 0.547399 0.679384 0.499741 0.117458 0.448374 0.748128 0.473229 0.504187 0.0705878 0.505414 0.736251 0.29036 0.292559 0.694783 0.518638 0 0 0 0 0 0 0 0 1 0
0.539551 0.660718 0.441698 0.123794 0.586885 0.620425 0.566007 0.484901 0.0993687 0.455691 0.727841 0.474791 0.107447 0.450296 0.772236 0.502682 0.11947 0.468426 0.6901 0.521304 0 0 0 0 0 0 0 0 1 0
0.585483 0.650114 0.421242 0.145596 0.515939 0.622823 0.578176 0.472712 0.115462 0.484591 0.715809 0.490103 0.223084 0.355198 0.605615 0.628986 0.125601 0.46106 0.696436 0.519501 0 0 0 0 0 0 0 0 1 0
0.512846 0.724846 0.256676 0.326828 0.501818 0.65676 0.501965 0.248035 0.318399 0.623604 0.634073 0.475418 0.080647 0.492094 0.708882 0.533846 0.122096 0.420743 0.729983 0.537219 0 0 0 0 0 0 0 0 1 0
0.605085 0.631856 0.327285 0.248008 0.502824 0.705355 0.486654 0.263033 0.331131 0.648255 0.543063 0.443133 0.120669 0.519056 0.758242 0.480734 0.119233 0.472708 0.71969 0.481355 0 0 0 0 0 0 0 0 1 0
0.488107 0.747466 0.453558 0.109466 0.501624 0.691103 0.496507 0.203876 0.391006 0.519057 0.701225 0.472675 0.0929426 0.492003 0.804301 0.445911 0.126197 0.47093 0.707219 0.520643 0 0 0 0 0 0 0 0 1 0
0.509958 0.693086 0.502549 0.333013 0.235661 0.53286 0.662268 0.519182 0.432439 0.162059 0.464405 0.749913 0.486694 0.0732939 0.518743 0.762322 0.358635 0.217918 0.65195 0.529182 0 0 0 0 0 0 0 0 1 0
0.486195 0.735227 0.443995 0.150916 0.494729 0.508415 0.68253 0.488375 0.273843 0.329497 0.516296 0.674914 0.478644 0.0603802 0.533852 0.770373 0.267851 0.316266 0.706697 0.510038 0 0 0 0 0 0 0 0 1 0
0.490651 0.728529 0.456498 0.374015 0.225428 0.552059 0.692997 0.461994 0.109669 0.493924 0.750215 0.450544 0.0865197 0.494804 0.796153 0.434393 0.142567 0.482285 0.685894 0.48842 0 0 0 0 0 0 0 0 1 0
0.657369 0.538799 0.143688 0.41348 0.657132 0.593799 0.490793 0.0803067 0.461439 0.759992 0.488329 0.120938 0.439932 0.764602 0.499398 0.247673 0.354637 0.511683 0.659858 0.502359 0 0 0 0 0 0 0 0 1 0
0.561415 0.622107 0.111025 0.478249 0.63412 0.577392 0.517627 0.107126 0.44242 0.711729 0.550814 0.454679 0.138801 0.441239 0.744088 0.511897 0.100146 0.585163 0.597569 0.482681 0 0 0 0 0 0 0 0 1 0
0.499282 0.738375 0.49297 0.0991653 0.526343 0.544853 0.609567 0.515891 0.183264 0.387404 0.694174 0.554047 0.123879 0.405735 0.676909 0.61492 0.107977 0.436566 0.678452 0.535158 0 0 0 0 0 0 0 0 1 0
0.481742 0.724302 0.489259 0.0982755 0.518791 0.555001 0.600792 0.53575 0.175261 0.381683 0.53369 0.716695 0.456835 0.107625 0.483468 0.758475 0.391558 0.175456 0.691016 0.506477 0 0 0 0 0 0 0 0 1 0
0.494154 0.771562 0.480717 0.150551 0.404397 0.57867 0.606535 0.542292 0.145822 0.419087 0.610056 0.574694 0.073644 0.477517 0.729539 0.552629 0.0866027 0.476574 0.757935 0.462485 0 0 0 0 0 0 0 0 1 0
0.492289 0.739822 0.465698 0.101454 0.495654 0.653875 0.534591 0.525064 0.0822776 0.495735 0.702434 0.477271 0.0929236 0.443535 0.484903 0.816583 0.434046 0.176678 0.666396 0.513599 0 0 0 0 0 0 0 0 1 0
0.292578 0.435055 0.299454 0.424703 0.422581 0.328507 0.461771 0.325425 0.475783 0.483297 0.414795 0.354778 0.494725 0.263821 0.463659 0.520804 0.376998 0.387095 0.460477 0.505363 0 0 0 0 0 0 0 0 0 1
0.437957 0.325794 0.31727 0.415976 0.290597 0.462406 0.483594 0.32288 0.460218 0.482653 0.377142 0.408161 0.474703 0.459957 0.28146 0.503444 0.436821 0.350408 0.458199 0.522943 0 0 0 0 0 0 0 0 0 1
0.246055 0.333778 0.374053 0.281104 0.479722 0.354109 0.405211 0.503386 0.507951 0.293257 0.450664 0.498128 0.369108 0.385713 0.486954 0.502107 0.313218 0.440935 0.498904 0.494691 0 0 0 0 0 0 0 0 0 1
0.252597 0.333082 0.380017 0.289275 0.480732 0.470401 0.2832 0.511368 0.503532 0.458394 0.28843 0.477137 0.275046 0.474758 0.50442 0.473716 0.293896 0.4848 0.50694 0.490649 0 0 0 0 0 0 0 0 0 1
0.31238 0.375616 0.28708 0.352416 0.399924 0.49043 0.281898 0.478579 0.496752 0.381915 0.370852 0.4921 0.43857 0.305214 0.511349 0.459046 0.310346 0.486358 0.49425 0.489405 0 0 0 0 0 0 0 0 0 1
0.231098 0.48495 0.23081 0.47714 0.331365 0.445406 0.495231 0.297553 0.469435 0.505892 0.455118 0.318489 0.485151 0.490538 0.384241 0.371657 0.471682 0.476858 0.304343 0.477661 0 0 0 0 0 0 0 0 0 1
0.278814 0.427312 0.278395 0.334386 0.420534 0.481847 0.285197 0.483429 0.494607 0.451794 0.44949 0.371704 0.471064 0.497578 0.314549 0.431717 0.488976 0.281352 0.481993 0.52155 0 0 0 0 0 0 0 0 0 1
0.258123 0.490275 0.264203 0.461423 0.377682 0.392612 0.489746 0.3699 0.380816 0.484087 0.518222 0.263998 0.478803 0.514429 0.291476 0.445106 0.46221 0.37718 0.42222 0.507112 0 0 0 0 0 0 0 0 0 1
0.347266 0.366397 0.481996 0.264618 0.458143 0.324222 0.45704 0.341616 0.395176 0.546387 0.471375 0.403625 0.372348 0.485719 0.362174 0.379308 0.521473 0.252106 0.496479 0.473977 0 0 0 0 0 0 0 0 0 1
0.315423 0.432701 0.228813 0.489108 0.275586 0.476761 0.285777 0.499918 0.500775 0.486768 0.27157 0.47843 0.505682 0.391902 0.365807 0.480927 0.48589 0.291756 0.46077 0.54539 0 0 0 0 0 0 0 0 0 1
0.34991 0.367876 0.278128 0.4679 0.289571 0.483201 0.381434 0.362781 0.504187 0.501705 0.266301 0.479448 0.501542 0.234278 0.498429 0.503515 0.459386 0.308781 0.495036 0.504019 0 0 0 0 0 0 0 0 0 1
0.306011 0.432244 0.261745 0.464794 0.280586 0.459431 0.392729 0.387601 0.477356 0.496614 0.40701 0.37721 0.483699 0.486518 0.277893 0.481846 0.479331 0.301208 0.478079 0.496997 0 0 0 0 0 0 0 0 0 1
0.301208 0.456946 0.259457 0.478308 0.283223 0.455887 0.503621 0.320378 0.461614 0.479357 0.454474 0.334516 0.456331 0.50468 0.360571 0.384405 0.471606 0.327711 0.454032 0.489457 0 0 0 0 0 0 0 0 0 1
0.217249 0.517589 0.2331 0.482009 0.290975 0.479951 0.376917 0.384157 0.48228 0.491782 0.454877 0.463612 0.350387 0.493587 0.528846 0.275839 0.465901 0.482494 0.283315 0.443423 0 0 0 0 0 0 0 0 0 1
0.506283 0.273921 0.483308 0.268009 0.477858 0.320104 0.426234 0.431963 0.348709 0.465442 0.511682 0.327492 0.42607 0.496437 0.290768 0.470857 0.478913 0.305185 0.461507 0.490204 0 0 0 0 0 0 0 0 0 1
0.318754 0.407837 0.267941 0.474364 0.305901 0.462478 0.477692 0.28592 0.471727 0.512573 0.485043 0.261335 0.501266 0.489881 0.286571 0.474166 0.497756 0.263 0.495233 0.496154 0 0 0 0 0 0 0 0 0 1
0.353683 0.373411 0.340447 0.426365 0.279578 0.46033 0.480686 0.257632 0.517363 0.51193 0.462597 0.275008 0.493423 0.504543 0.316581 0.436475 0.486532 0.374656 0.402613 0.50153 0 0 0 0 0 0 0 0 0 1
0.496043 0.225462 0.556406 0.21511 0.510595 0.264429 0.479333 0.345893 0.392062 0.49786 0.496727 0.273697 0.481516 0.505946 0.234926 0.540218 0.469285 0.307599 0.465589 0.487467 0 0 0 0 0 0 0 0 0 1
0.289034 0.456715 0.251787 0.409961 0.345294 0.466682 0.276446 0.507371 0.498169 0.451095 0.29263 0.494681 0.499098 0.299602 0.463572 0.491372 0.411096 0.344486 0.505869 0.498183 0 0 0 0 0 0 0 0 0 1
0.264066 0.42442 0.32232 0.474002 0.299049 0.468132 0.28466 0.498468 0.481816 0.359427 0.391973 0.507951 0.5 0.268638 0.487724 0.512061 0.481576 0.295526 0.459959 0.50143 0 0 0 0 0 0 0 0 0 1