0.479053 0.516011 0.235676 0.501394 0.461949 0.292148 0.518114 0.219521 0.510716 0.494832 1 0 0 0 0 0 0 0 0 0
0.500775 0.486979 0.2511 0.518597 0.384971 0.369456 0.462241 0.289511 0.492732 0.488423 1 0 0 0 0 0 0 0 0 0
0.489555 0.508133 0.217998 0.518663 0.428816 0.331537 0.502986 0.236599 0.507825 0.481586 1 0 0 0 0 0 0 0 0 0
0.500469 0.251121 0.484315 0.50783 0.26944 0.485934 0.266552 0.471463 0.49174 0.511183 1 0 0 0 0 0 0 0 0 0
0.479406 0.498011 0.239793 0.520903 0.452102 0.324766 0.510329 0.395007 0.315325 0.499116 1 0 0 0 0 0 0 0 0 0
0.486476 0.318165 0.426742 0.51456 0.344542 0.393424 0.4957 0.255958 0.508937 0.489405 1 0 0 0 0 0 0 0 0 0
0.484017 0.464117 0.292375 0.519448 0.30687 0.457836 0.43443 0.296673 0.492597 0.505379 1 0 0 0 0 0 0 0 0 0
0.5 0.489943 0.234354 0.517755 0.43594 0.318215 0.485785 0.270208 0.481664 0.498128 1 0 0 0 0 0 0 0 0 0
0.511134 0.503171 0.275168 0.467784 0.470482 0.283498 0.467553 0.347262 0.42306 0.484691 1 0 0 0 0 0 0 0 0 0
0.515758 0.364635 0.388805 0.494713 0.285775 0.471974 0.483733 0.243372 0.516165 0.497691 1 0 0 0 0 0 0 0 0 0
0.494583 0.291084 0.453166 0.517636 0.24587 0.49252 0.492603 0.265478 0.491643 0.455677 1 0 0 0 0 0 0 0 0 0
0.492878 0.5 0.255892 0.508323 0.406312 0.325286 0.496102 0.262445 0.495641 0.5 1 0 0 0 0 0 0 0 0 0
0.485437 0.494948 0.353914 0.388191 0.523858 0.256531 0.492398 0.257342 0.465603 0.49755 1 0 0 0 0 0 0 0 0 0
0.488504 0.490649 0.252002 0.49825 0.451926 0.29633 0.480121 0.473549 0.295269 0.483787 1 0 0 0 0 0 0 0 0 0
0.50264 0.408939 0.323924 0.525695 0.244986 0.484685 0.484137 0.278644 0.498127 0.501116 1 0 0 0 0 0 0 0 0 0
0.491424 0.387534 0.367875 0.506773 0.282858 0.458143 0.5 0.245972 0.512397 0.50385 1 0 0 0 0 0 0 0 0 0
0.503096 0.484446 0.252893 0.497107 0.462512 0.274411 0.486164 0.283032 0.495631 0.504369 1 0 0 0 0 0 0 0 0 0
0.514051 0.50606 0.243392 0.498807 0.327999 0.426563 0.481581 0.251111 0.501067 0.489939 1 0 0 0 0 0 0 0 0 0
0.499083 0.268878 0.472242 0.505175 0.246952 0.481996 0.489635 0.249097 0.520426 0.50306 1 0 0 0 0 0 0 0 0 0
0.505462 0.473716 0.25 0.501768 0.408577 0.334072 0.505582 0.245104 0.486037 0.50664 1 0 0 0 0 0 0 0 0 0
0.462045 0.392005 0.378466 0.389282 0.411496 0.412567 0.395624 0.37266 0.415843 0.460868 0 1 0 0 0 0 0 0 0 0
0.444059 0.404589 0.345141 0.434211 0.394709 0.385029 0.428308 0.378386 0.406014 0.489808 0 1 0 0 0 0 0 0 0 0
0.426503 0.378897 0.373499 0.434713 0.389912 0.368222 0.430769 0.421736 0.410732 0.453359 0 1 0 0 0 0 0 0 0 0
0.393638 0.394657 0.400351 0.388012 0.407949 0.358707 0.421604 0.433872 0.415614 0.451813 0 1 0 0 0 0 0 0 0 0
0.426284 0.420772 0.376981 0.397118 0.410932 0.38506 0.397341 0.428535 0.351972 0.450211 0 1 0 0 0 0 0 0 0 0
0.404092 0.435765 0.389662 0.376288 0.434686 0.433271 0.371498 0.421022 0.415172 0.374728 0 1 0 0 0 0 0 0 0 0
0.433549 0.409517 0.358594 0.392659 0.408549 0.35715 0.400854 0.376592 0.464434 0.382859 0 1 0 0 0 0 0 0 0 0
0.424068 0.427796 0.365315 0.381701 0.444071 0.349974 0.379755 0.421832 0.410162 0.417107 0 1 0 0 0 0 0 0 0 0
0.408473 0.423298 0.378044 0.411397 0.414603 0.388093 0.353457 0.432817 0.40733 0.388533 0 1 0 0 0 0 0 0 0 0
0.415314 0.43298 0.364041 0.386748 0.41466 0.40023 0.388244 0.412869 0.416601 0.430871 0 1 0 0 0 0 0 0 0 0
0.450591 0.447964 0.404648 0.361555 0.398472 0.436189 0.400916 0.368451 0.435141 0.406813 0 1 0 0 0 0 0 0 0 0
0.462803 0.393843 0.376384 0.390942 0.401664 0.431943 0.385312 0.412054 0.406081 0.419204 0 1 0 0 0 0 0 0 0 0
0.439591 0.425424 0.333409 0.40578 0.447248 0.402365 0.388731 0.366241 0.425501 0.451353 0 1 0 0 0 0 0 0 0 0
0.451422 0.436779 0.437783 0.396058 0.366 0.414681 0.418141 0.389695 0.41997 0.420228 0 1 0 0 0 0 0 0 0 0
0.436982 0.384351 0.32834 0.427043 0.43931 0.416134 0.361637 0.354852 0.434137 0.463641 0 1 0 0 0 0 0 0 0 0
0.422185 0.406619 0.384769 0.353945 0.446041 0.399922 0.411554 0.35919 0.419953 0.438197 0 1 0 0 0 0 0 0 0 0
0.401887 0.384251 0.38386 0.408233 0.427143 0.426917 0.402508 0.400472 0.426961 0.436613 0 1 0 0 0 0 0 0 0 0
0.430079 0.389632 0.406718 0.372676 0.394474 0.431609 0.436155 0.390694 0.363578 0.423143 0 1 0 0 0 0 0 0 0 0
0.391249 0.400973 0.396376 0.424072 0.412322 0.39564 0.36669 0.392043 0.418635 0.423187 0 1 0 0 0 0 0 0 0 0
0.418282 0.401159 0.380414 0.393575 0.452583 0.390519 0.393331 0.383782 0.450073 0.459616 0 1 0 0 0 0 0 0 0 0
0.48554 0.490687 0.511555 0.495179 0.504821 0.5 0.5 0.487781 0.503386 0.477416 0 0 1 0 0 0 0 0 0 0
0.487094 0.4947 0.508324 0.507229 0.5 0.496119 0.491176 0.50579 0.491803 0.476122 0 0 1 0 0 0 0 0 0 0
0.479357 0.507573 0.501643 0.490784 0.494215 0.494436 0.501617 0.487148 0.49766 0.524924 0 0 1 0 0 0 0 0 0 0
0.502563 0.493218 0.494868 0.5 0.494514 0.505486 0.49592 0.50408 0.490066 0.478518 0 0 1 0 0 0 0 0 0 0
0.481002 0.491252 0.49779 0.508712 0.503056 0.499191 0.489041 0.5 0.480208 0.519792 0 0 1 0 0 0 0 0 0 0
0.496475 0.480077 0.484842 0.501793 0.503789 0.5 0.491167 0.508833 0.5 0.426208 0 0 1 0 0 0 0 0 0 0
0.490205 0.489754 0.505015 0.505053 0.512545 0.501875 0.492947 0.490066 0.465198 0.46101 0 0 1 0 0 0 0 0 0 0
0.5 0.497625 0.498916 0.506301 0.497158 0.5 0.5 0.491167 0.469843 0.465198 0 0 1 0 0 0 0 0 0 0
0.513609 0.491363 0.50808 0.508398 0.493975 0.501807 0.492119 0.490649 0.483733 0.48267 0 0 1 0 0 0 0 0 0 0
0.5 0.5 0.5 0.492852 0.492178 0.500276 0.487122 0.497743 0.478622 0.477416 0 0 1 0 0 0 0 0 0 0
0.484058 0.498917 0.490814 0.491011 0.488638 0.501788 0.505785 0.5 0.480208 0.519792 0 0 1 0 0 0 0 0 0 0
0.50126 0.504854 0.48888 0.497433 0.49592 0.50408 0.494697 0.493085 0.512219 0.375 0 0 1 0 0 0 0 0 0 0
0.497452 0.501313 0.494607 0.5 0.495251 0.499928 0.48813 0.502263 0.488145 0.526284 0 0 1 0 0 0 0 0 0 0
0.5 0.5 0.504726 0.495274 0.494949 0.498933 0.506118 0.5 0.5 0.426208 0 0 1 0 0 0 0 0 0 0
0.489405 0.485571 0.499914 0.497705 0.508981 0.50014 0.503854 0.50308 0.49692 0.440637 0 0 1 0 0 0 0 0 0 0
0.490255 0.492124 0.499902 0.505962 0.49688 0.5 0.469762 0.503953 0.501989 0.492878 0 0 1 0 0 0 0 0 0 0
0.487324 0.488803 0.497589 0.496997 0.499025 0.498846 0.498217 0.501234 0.495747 0.487351 0 0 1 0 0 0 0 0 0 0
0.5 0.497759 0.502241 0.502609 0.501811 0.501698 0.493882 0.5 0.5 0.5 0 0 1 0 0 0 0 0 0 0
0.489405 0.482706 0.503369 0.505092 0.502205 0.50244 0.486576 0.496042 0.495286 0.494868 0 0 1 0 0 0 0 0 0 0
0.491061 0.493888 0.490447 0.498541 0.496183 0.506282 0.505486 0.5 0.5 0.5 0 0 1 0 0 0 0 0 0 0
0.502695 0.508171 0.872518 0.509728 0.484427 0.472466 0.0942705 0.547132 0.516797 0.527716 0 0 0 1 0 0 0 0 0 0
0.501643 0.508851 0.854169 0.553339 0.482657 0.463151 0.102336 0.528469 0.543244 0.509732 0 0 0 1 0 0 0 0 0 0
0.493078 0.498553 0.875 0.557895 0.484718 0.511515 0.394664 0.165186 0.512663 0.498359 0 0 0 1 0 0 0 0 0 0
0.50734 0.518255 0.897066 0.531967 0.480032 0.496321 0.0520827 0.527781 0.49014 0.472372 0 0 0 1 0 0 0 0 0 0
0.507821 0.50234 0.518756 0.86692 0.556229 0.470069 0.483269 0.0688198 0.533597 0.503701 0 0 0 1 0 0 0 0 0 0
0.496422 0.493233 0.827232 0.609599 0.506568 0.49499 0.385975 0.175012 0.512982 0.51731 0 0 0 1 0 0 0 0 0 0
0.514221 0.49729 0.732388 0.668635 0.517983 0.50749 0.48808 0.0646449 0.518082 0.507237 0 0 0 1 0 0 0 0 0 0
0.497651 0.521835 0.8537 0.551572 0.501533 0.470691 0.0595954 0.522419 0.525384 0.493145 0 0 0 1 0 0 0 0 0 0
0.516771 0.497662 0.824074 0.587032 0.515747 0.466149 0.060697 0.535988 0.515485 0.504461 0 0 0 1 0 0 0 0 0 0
0.503022 0.503699 0.856061 0.57229 0.492931 0.487055 0.129235 0.429217 0.523105 0.524029 0 0 0 1 0 0 0 0 0 0
0.504864 0.508996 0.822772 0.598336 0.519825 0.458412 0.0675828 0.53664 0.504146 0.489226 0 0 0 1 0 0 0 0 0 0
0.492267 0.56475 0.853661 0.523616 0.450751 0.0668083 0.534998 0.503677 0.515809 0.48711 0 0 0 1 0 0 0 0 0 0
0.501516 0.511768 0.825076 0.574845 0.505029 0.138791 0.418935 0.517539 0.514381 0.493637 0 0 0 1 0 0 0 0 0 0
0.518757 0.524284 0.875594 0.502399 0.502074 0.47719 0.0849212 0.528585 0.525185 0.469843 0 0 0 1 0 0 0 0 0 0
0.512054 0.506683 0.856205 0.55169 0.485389 0.451958 0.119413 0.52765 0.507695 0.5 0 0 0 1 0 0 0 0 0 0
0.505871 0.512842 0.834195 0.587738 0.492068 0.44989 0.0944124 0.531747 0.527869 0.487663 0 0 0 1 0 0 0 0 0 0
0.506926 0.508763 0.90468 0.505122 0.496614 0.113375 0.442559 0.525735 0.511914 0.505303 0 0 0 1 0 0 0 0 0 0
0.518216 0.510865 0.669293 0.725499 0.527405 0.48422 0.468584 0.0943793 0.52033 0.506905 0 0 0 1 0 0 0 0 0 0
0.514848 0.511013 0.551208 0.835647 0.528202 0.50805 0.115881 0.446838 0.496561 0.517612 0 0 0 1 0 0 0 0 0 0
0.515502 0.521467 0.679934 0.693474 0.535364 0.490493 0.0579451 0.514086 0.508463 0.490035 0 0 0 1 0 0 0 0 0 0
0.467926 0.451927 0.444744 0.417428 0.433033 0.363123 0.420086 0.436541 0.466899 0.509707 0 0 0 0 1 0 0 0 0 0
0.486042 0.471192 0.445406 0.367427 0.38174 0.487295 0.411716 0.448428 0.443019 0.472595 0 0 0 0 1 0 0 0 0 0
0.450035 0.466094 0.463784 0.420877 0.373794 0.386489 0.436009 0.446242 0.486304 0.483372 0 0 0 0 1 0 0 0 0 0
0.474162 0.481869 0.453557 0.390835 0.433238 0.374108 0.415266 0.473193 0.47157 0.445406 0 0 0 0 1 0 0 0 0 0
0.488047 0.487258 0.466995 0.401284 0.387649 0.384934 0.439817 0.448147 0.482141 0.445533 0 0 0 0 1 0 0 0 0 0
0.494525 0.484143 0.474517 0.425665 0.419881 0.370937 0.40124 0.429317 0.488708 0.502697 0 0 0 0 1 0 0 0 0 0
0.470249 0.466579 0.467941 0.419544 0.298454 0.443849 0.455917 0.450119 0.375464 0.323792 0 0 0 0 1 0 0 0 0 0
0.486518 0.497867 0.462 0.347422 0.396672 0.469195 0.419718 0.434046 0.423644 0.462016 0 0 0 0 1 0 0 0 0 0
0.460233 0.452845 0.473883 0.414753 0.382514 0.392581 0.436573 0.44947 0.455117 0.492478 0 0 0 0 1 0 0 0 0 0
0.452587 0.452888 0.456648 0.417375 0.442071 0.37237 0.422327 0.444657 0.494784 0.473716 0 0 0 0 1 0 0 0 0 0
0.471474 0.470825 0.476823 0.454518 0.419567 0.347884 0.44947 0.43136 0.462216 0.484275 0 0 0 0 1 0 0 0 0 0
0.452555 0.461337 0.467387 0.440013 0.424028 0.347884 0.438776 0.45562 0.473243 0.471644 0 0 0 0 1 0 0 0 0 0
0.4769 0.47523 0.449373 0.396176 0.356996 0.442032 0.442765 0.457591 0.453647 0.0813649 0 0 0 0 1 0 0 0 0 0
0.481223 0.473498 0.449893 0.369767 0.427041 0.395805 0.447371 0.430201 0.463571 0.440274 0 0 0 0 1 0 0 0 0 0
0.486282 0.470568 0.444243 0.411496 0.408267 0.402173 0.417007 0.443696 0.470136 0.423404 0 0 0 0 1 0 0 0 0 0
0.490306 0.461046 0.450233 0.384414 0.407408 0.417775 0.441214 0.438953 0.475578 0.467249 0 0 0 0 1 0 0 0 0 0
0.47081 0.466723 0.461648 0.441358 0.384351 0.400251 0.415386 0.449058 0.487372 0.473638 0 0 0 0 1 0 0 0 0 0
0.474185 0.471735 0.466966 0.457396 0.361133 0.3822 0.450348 0.447002 0.446529 0.469184 0 0 0 0 1 0 0 0 0 0
0.488469 0.478201 0.436888 0.42787 0.299774 0.473249 0.440197 0.449085 0.477123 0.448792 0 0 0 0 1 0 0 0 0 0
0.466899 0.458201 0.463799 0.474939 0.342755 0.347616 0.489216 0.446208 0.441253 0.460115 0 0 0 0 1 0 0 0 0 0
0.324072 0.366167 0.554 0.739041 0.670863 0.6618 0.677194 0.519286 0.374181 0.318646 0 0 0 0 0 1 0 0 0 0
0.365533 0.340359 0.577817 0.661276 0.745488 0.646579 0.696852 0.441433 0.368006 0.365649 0 0 0 0 0 1 0 0 0 0
0.320101 0.435242 0.637583 0.738171 0.693147 0.647194 0.597784 0.363317 0.407294 0.303092 0 0 0 0 0 1 0 0 0 0
0.285495 0.464558 0.648981 0.676669 0.696866 0.68214 0.628288 0.353104 0.361203 0.392854 0 0 0 0 0 1 0 0 0 0
0.26683 0.389463 0.639326 0.685634 0.633411 0.687908 0.659502 0.440984 0.433154 0.39951 0 0 0 0 0 1 0 0 0 0
0.286701 0.438347 0.612459 0.731328 0.68557 0.704773 0.564893 0.379599 0.394792 0.354375 0 0 0 0 0 1 0 0 0 0
0.278008 0.40117 0.624433 0.759133 0.675235 0.679532 0.559894 0.424243 0.408843 0.345768 0 0 0 0 0 1 0 0 0 0
0.308581 0.306975 0.582412 0.703412 0.703662 0.66368 0.680815 0.499506 0.324551 0.411671 0 0 0 0 0 1 0 0 0 0
0.291271 0.464422 0.589187 0.706986 0.697402 0.679093 0.597121 0.393309 0.386461 0.406416 0 0 0 0 0 1 0 0 0 0
0.306688 0.35458 0.610461 0.711592 0.69202 0.690482 0.618791 0.506279 0.348083 0.39483 0 0 0 0 0 1 0 0 0 0
0.264429 0.476157 0.604835 0.727058 0.691951 0.625 0.658734 0.418555 0.376719 0.362211 0 0 0 0 0 1 0 0 0 0
0.282595 0.408254 0.578426 0.78474 0.623849 0.730092 0.64663 0.368355 0.365244 0.364436 0 0 0 0 0 1 0 0 0 0
0.25103 0.458492 0.724616 0.676338 0.674774 0.657682 0.526681 0.420992 0.390151 0.366706 0 0 0 0 0 1 0 0 0 0
0.319832 0.390651 0.601328 0.783769 0.625242 0.718725 0.554981 0.378173 0.390744 0.373773 0 0 0 0 0 1 0 0 0 0
0.300075 0.434289 0.619152 0.74988 0.652327 0.710603 0.577684 0.385198 0.439266 0.392612 0 0 0 0 0 1 0 0 0 0
0.37048 0.308549 0.538003 0.618475 0.779323 0.635005 0.702697 0.487023 0.335975 0.332855 0 0 0 0 0 1 0 0 0 0
0.264585 0.424375 0.595589 0.712285 0.680137 0.693277 0.635783 0.435232 0.358386 0.371008 0 0 0 0 0 1 0 0 0 0
0.342754 0.358642 0.562469 0.742627 0.6626 0.670996 0.594021 0.438032 0.39657 0.39309 0 0 0 0 0 1 0 0 0 0
0.325557 0.440172 0.615509 0.723716 0.679491 0.648002 0.614594 0.420823 0.379779 0.332625 0 0 0 0 0 1 0 0 0 0
0.319763 0.378536 0.580279 0.687563 0.738646 0.665144 0.603975 0.437833 0.387125 0.369615 0 0 0 0 0 1 0 0 0 0
0.414754 0.335818 0.359922 0.503191 0.579413 0.581204 0.652478 0.570026 0.521378 0.5 0 0 0 0 0 0 1 0 0 0
0.427234 0.398492 0.377792 0.493057 0.556664 0.614498 0.610218 0.554932 0.528534 0.525931 0 0 0 0 0 0 1 0 0 0
0.394431 0.401984 0.396705 0.519886 0.551208 0.605802 0.623825 0.556469 0.524197 0.513499 0 0 0 0 0 0 1 0 0 0
0.38434 0.357619 0.421605 0.538871 0.575677 0.623579 0.581365 0.562772 0.568765 0.528265 0 0 0 0 0 0 1 0 0 0
0.438692 0.371034 0.352187 0.521681 0.579845 0.591169 0.633871 0.517312 0.519134 0.471375 0 0 0 0 0 0 1 0 0 0
0.437059 0.394267 0.334293 0.505649 0.558273 0.610982 0.656416 0.552083 0.511344 0.510365 0 0 0 0 0 0 1 0 0 0
0.468538 0.383648 0.360934 0.475076 0.559159 0.594465 0.596375 0.573792 0.536779 0.470136 0 0 0 0 0 0 1 0 0 0
0.475655 0.389551 0.393692 0.421839 0.531603 0.570813 0.584649 0.59997 0.544723 0.511307 0 0 0 0 0 0 1 0 0 0
0.466354 0.384351 0.390863 0.444278 0.537679 0.56086 0.598636 0.618583 0.522136 0.499473 0 0 0 0 0 0 1 0 0 0
0.433585 0.417011 0.415309 0.445887 0.531256 0.537143 0.58244 0.560171 0.567223 0.540165 0 0 0 0 0 0 1 0 0 0
0.457797 0.413587 0.375 0.424028 0.536657 0.565428 0.600545 0.575285 0.536216 0.543257 0 0 0 0 0 0 1 0 0 0
0.422102 0.355114 0.412013 0.505019 0.572715 0.579224 0.578613 0.546618 0.524798 0.533792 0 0 0 0 0 0 1 0 0 0
0.422822 0.416165 0.37621 0.49012 0.571798 0.598822 0.55799 0.574905 0.550553 0.491822 0 0 0 0 0 0 1 0 0 0
0.423416 0.403476 0.397232 0.488568 0.540635 0.551268 0.587137 0.613995 0.540023 0.515899 0 0 0 0 0 0 1 0 0 0
0.400586 0.384216 0.437521 0.522856 0.562347 0.583566 0.580284 0.562468 0.526143 0.494013 0 0 0 0 0 0 1 0 0 0
0.437167 0.391654 0.341422 0.451965 0.567751 0.587406 0.598788 0.606281 0.508214 0.477935 0 0 0 0 0 0 1 0 0 0
0.452153 0.400552 0.408727 0.431407 0.507481 0.545668 0.551208 0.608594 0.596239 0.523203 0 0 0 0 0 0 1 0 0 0
0.432354 0.406132 0.408128 0.408773 0.518922 0.594888 0.610571 0.568312 0.532128 0.50221 0 0 0 0 0 0 1 0 0 0
0.44679 0.408418 0.417124 0.528092 0.560825 0.576584 0.611195 0.55618 0.5 0.488375 0 0 0 0 0 0 1 0 0 0
0.443317 0.411929 0.380697 0.443541 0.477942 0.532432 0.556551 0.657727 0.54166 0.499129 0 0 0 0 0 0 1 0 0 0
0.495886 0.459189 0.209078 0.470535 0.519456 0.501641 0.168123 0.503706 0.50053 0.408349 0 0 0 0 0 0 0 1 0 0
0.496754 0.504706 0.463762 0.16386 0.534675 0.529746 0.159113 0.485227 0.521511 0.43448 0 0 0 0 0 0 0 1 0 0
0.506495 0.476502 0.160383 0.51392 0.535018 0.452524 0.176428 0.50965 0.529569 0.439348 0 0 0 0 0 0 0 1 0 0
0.499059 0.513698 0.468691 0.163036 0.520865 0.47001 0.191602 0.511788 0.480893 0.411806 0 0 0 0 0 0 0 1 0 0
0.504791 0.508573 0.138067 0.488568 0.528124 0.472595 0.19048 0.503936 0.457989 0.483308 0 0 0 0 0 0 0 1 0 0
0.495849 0.517956 0.495028 0.136498 0.509665 0.515428 0.329577 0.297137 0.512079 0.51119 0 0 0 0 0 0 0 1 0 0
0.500745 0.507592 0.462 0.165496 0.540298 0.507754 0.112063 0.516358 0.528656 0.516426 0 0 0 0 0 0 0 1 0 0
0.523131 0.491451 0.479466 0.153328 0.498931 0.508086 0.144792 0.513906 0.499227 0.439275 0 0 0 0 0 0 0 1 0 0
0.491658 0.497479 0.17083 0.481649 0.510896 0.528625 0.0721883 0.542417 0.510036 0.432745 0 0 0 0 0 0 0 1 0 0
0.517058 0.495286 0.17225 0.449918 0.529818 0.517909 0.14116 0.505286 0.494714 0.432487 0 0 0 0 0 0 0 1 0 0
0.514796 0.472564 0.157867 0.511401 0.504434 0.177222 0.475617 0.510304 0.489186 0.419498 0 0 0 0 0 0 0 1 0 0
0.497067 0.508833 0.154143 0.493165 0.527136 0.520336 0.103487 0.531188 0.501295 0.456804 0 0 0 0 0 0 0 1 0 0
0.501496 0.487182 0.309726 0.36103 0.528114 0.49164 0.0999013 0.526478 0.535002 0.471225 0 0 0 0 0 0 0 1 0 0
0.502133 0.48589 0.154244 0.513446 0.515433 0.511368 0.142284 0.492361 0.533644 0.487109 0 0 0 0 0 0 0 1 0 0
0.497619 0.494583 0.226639 0.429481 0.506079 0.490649 0.173785 0.481413 0.508908 0.515274 0 0 0 0 0 0 0 1 0 0
0.503436 0.49586 0.304478 0.361109 0.507925 0.517314 0.134551 0.48916 0.520052 0.436291 0 0 0 0 0 0 0 1 0 0
0.495062 0.483356 0.182487 0.494514 0.50409 0.479826 0.160495 0.501817 0.508882 0.433001 0 0 0 0 0 0 0 1 0 0
0.493891 0.516517 0.480458 0.145571 0.530777 0.510243 0.210679 0.46101 0.459691 0.503895 0 0 0 0 0 0 0 1 0 0
0.50644 0.486399 0.174028 0.512779 0.522807 0.501711 0.13733 0.480142 0.463183 0.561247 0 0 0 0 0 0 0 1 0 0
0.50609 0.504808 0.28899 0.353904 0.521096 0.519792 0.180711 0.468439 0.494162 0.457596 0 0 0 0 0 0 0 1 0 0
0.708899 0.075563 0.68115 0.176758 0.52138 0.598701 0.162488 0.669881 0.112688 0.668817 0 0 0 0 0 0 0 0 1 0
0.701422 0.0937878 0.650385 0.151026 0.558375 0.571075 0.175541 0.715845 0.0967773 0.676409 0 0 0 0 0 0 0 0 1 0
0.727138 0.0658127 0.606266 0.492277 0.205864 0.692932 0.0754693 0.737343 0.12717 0.66803 0 0 0 0 0 0 0 0 1 0
0.739243 0.0845324 0.570819 0.371215 0.442159 0.471033 0.247135 0.713547 0.0669036 0.667632 0 0 0 0 0 0 0 0 1 0
0.725987 0.0671465 0.611122 0.537267 0.121811 0.740305 0.0611812 0.780603 0.074881 0.687186 0 0 0 0 0 0 0 0 1 0
0.727062 0.0669744 0.59215 0.592418 0.0977594 0.725478 0.0875833 0.773197 0.0529852 0.699215 0 0 0 0 0 0 0 0 1 0
0.709371 0.0560363 0.720707 0.0942708 0.740412 0.133743 0.570438 0.604431 0.109398 0.69504 0 0 0 0 0 0 0 0 1 0
0.697296 0.082469 0.718803 0.0843166 0.761143 0.223515 0.351564 0.721234 0.0907617 0.684777 0 0 0 0 0 0 0 0 1 0
0.688908 0.0746386 0.720764 0.107661 0.736247 0.087545 0.724112 0.289146 0.288573 0.696085 0 0 0 0 0 0 0 0 1 0
0.693674 0.0847367 0.673982 0.109134 0.723465 0.522161 0.0743048 0.731031 0.0906121 0.671977 0 0 0 0 0 0 0 0 1 0
0.606991 0.117771 0.681797 0.0932404 0.714277 0.284903 0.336198 0.742114 0.0809088 0.683071 0 0 0 0 0 0 0 0 1 0
0.672911 0.0853716 0.710509 0.107667 0.648976 0.477662 0.219464 0.697172 0.0822695 0.687032 0 0 0 0 0 0 0 0 1 0
0.623585 0.107603 0.718337 0.109131 0.695298 0.391575 0.220208 0.708323 0.107391 0.670119 0 0 0 0 0 0 0 0 1 0
0.681598 0.0735103 0.594758 0.631184 0.0852196 0.723281 0.0814577 0.746853 0.0801845 0.673889 0 0 0 0 0 0 0 0 1 0
0.731901 0.0917148 0.647216 0.281596 0.468732 0.508536 0.114955 0.765622 0.13076 0.668572 0 0 0 0 0 0 0 0 1 0
0.687279 0.088268 0.702261 0.140209 0.586014 0.569971 0.0976358 0.755876 0.0913691 0.659033 0 0 0 0 0 0 0 0 1 0
0.699828 0.122028 0.500954 0.648999 0.0728369 0.757193 0.0539402 0.744375 0.12497 0.667952 0 0 0 0 0 0 0 0 1 0
0.73291 0.0712328 0.684895 0.480877 0.161327 0.684333 0.0988631 0.736943 0.0990049 0.662397 0 0 0 0 0 0 0 0 1 0
0.725223 0.0694847 0.700666 0.109979 0.740659 0.289169 0.273517 0.724522 0.0920798 0.700289 0 0 0 0 0 0 0 0 1 0
0.669774 0.0760494 0.727625 0.154651 0.516219 0.629438 0.0709429 0.75226 0.0897591 0.712622 0 0 0 0 0 0 0 0 1 0
0.222664 0.283903 0.245065 0.281591 0.459175 0.24499 0.319729 0.464194 0.239489 0.466258 0 0 0 0 0 0 0 0 0 1
0.21473 0.249847 0.24497 0.337927 0.428589 0.369171 0.377979 0.279683 0.359641 0.359608 0 0 0 0 0 0 0 0 0 1
0.186964 0.337597 0.257573 0.275451 0.472868 0.248881 0.466602 0.292233 0.302954 0.438515 0 0 0 0 0 0 0 0 0 1
0.216226 0.277585 0.243301 0.325914 0.436331 0.267354 0.326128 0.411382 0.314394 0.427849 0 0 0 0 0 0 0 0 0 1
0.247646 0.249188 0.269922 0.344224 0.373459 0.297672 0.322745 0.403769 0.369862 0.386757 0 0 0 0 0 0 0 0 0 1
0.23232 0.256419 0.284368 0.307799 0.409255 0.321579 0.434212 0.257664 0.392074 0.359798 0 0 0 0 0 0 0 0 0 1
0.231606 0.207834 0.35175 0.287141 0.388461 0.351811 0.409686 0.345575 0.379049 0.376332 0 0 0 0 0 0 0 0 0 1
0.193399 0.210705 0.374521 0.287201 0.485382 0.244741 0.383645 0.368694 0.366152 0.3843 0 0 0 0 0 0 0 0 0 1
0.234777 0.204341 0.381446 0.286234 0.489746 0.268638 0.474734 0.289856 0.441379 0.2644 0 0 0 0 0 0 0 0 0 1
0.18926 0.212796 0.395113 0.255889 0.49815 0.256104 0.466235 0.28143 0.446553 0.303168 0 0 0 0 0 0 0 0 0 1
0.248414 0.18118 0.29167 0.388419 0.353507 0.381343 0.37184 0.382254 0.329479 0.428857 0 0 0 0 0 0 0 0 0 1
0.189195 0.200153 0.438259 0.296713 0.275475 0.459026 0.273704 0.350582 0.382982 0.486929 0 0 0 0 0 0 0 0 0 1
0.299221 0.257541 0.2529 0.30356 0.437853 0.274814 0.469944 0.266284 0.306549 0.442147 0 0 0 0 0 0 0 0 0 1
0.247164 0.212115 0.367986 0.287542 0.463214 0.329742 0.442417 0.266168 0.390342 0.34744 0 0 0 0 0 0 0 0 0 1
0.321482 0.231728 0.310687 0.260851 0.490761 0.245978 0.346106 0.405348 0.259261 0.489753 0 0 0 0 0 0 0 0 0 1
0.223667 0.253539 0.268908 0.364925 0.375185 0.292942 0.46959 0.243979 0.264196 0.47794 0 0 0 0 0 0 0 0 0 1
0.227416 0.259159 0.313112 0.420162 0.278579 0.449569 0.281515 0.304084 0.39657 0.304387 0 0 0 0 0 0 0 0 0 1
0.218357 0.212227 0.296961 0.267775 0.428149 0.326886 0.326942 0.432994 0.250892 0.485795 0 0 0 0 0 0 0 0 0 1
0.268817 0.248794 0.319412 0.302153 0.457712 0.252148 0.418575 0.332161 0.262635 0.480637 0 0 0 0 0 0 0 0 0 1
0.215695 0.184365 0.28597 0.43419 0.29089 0.477788 0.299472 0.438445 0.303037 0.455477 0 0 0 0 0 0 0 0 0 1